strategy,trade_date,symbol,name,industry,side,price,shares,gross_amount,cost,cash_after,reason
baseline_full_dynamic_factor_industry_cap2,2025-06-04,002345,潮宏基,服饰,BUY,15.6823,6300,98798.49,74.09886750000001,401127.4111325,rebalance_unlocked
baseline_full_dynamic_factor_industry_cap2,2025-06-04,002389,航天彩虹,航空,BUY,22.5591,4400,99260.04000000001,74.44503,301792.92610249994,rebalance_unlocked
baseline_full_dynamic_factor_industry_cap2,2025-06-04,300255,常山药业,生物制药,BUY,38.31,2600,99606.0,74.7045,202112.22160249995,rebalance_unlocked
baseline_full_dynamic_factor_industry_cap2,2025-06-04,300468,四方精创,软件服务,BUY,26.04,3800,98952.0,74.214,103086.00760249994,rebalance_unlocked
baseline_full_dynamic_factor_industry_cap2,2025-06-04,600521,华海药业,化学制药,BUY,18.5998,5300,98578.93999999999,73.93420499999999,4433.133397499958,rebalance_unlocked
baseline_full_dynamic_factor_industry_cap2,2025-06-18,002345,潮宏基,服饰,SELL,14.6211,6300,92112.93000000001,69.0846975,96476.97869999996,rebalance_unlocked
baseline_full_dynamic_factor_industry_cap2,2025-06-18,002389,航天彩虹,航空,SELL,23.5116,4400,103451.04000000001,77.58828000000001,199850.43042,rebalance_unlocked
baseline_full_dynamic_factor_industry_cap2,2025-06-18,300255,常山药业,生物制药,SELL,52.59,2600,136734.0,102.5505,336481.87992,rebalance_unlocked
baseline_full_dynamic_factor_industry_cap2,2025-06-18,300468,四方精创,软件服务,SELL,38.64,800,30912.0,23.184,367370.69591999997,rebalance_unlocked
baseline_full_dynamic_factor_industry_cap2,2025-06-18,600521,华海药业,化学制药,SELL,19.2273,5300,101904.69,76.4285175,469198.9574025,rebalance_unlocked
baseline_full_dynamic_factor_industry_cap2,2025-06-18,002104,恒宝股份,通信设备,BUY,14.7,7900,116130.0,87.0975,352981.85990249994,rebalance_unlocked
baseline_full_dynamic_factor_industry_cap2,2025-06-18,002602,世纪华通,互联网,BUY,10.4,11200,116480.0,87.36,236414.49990249996,rebalance_unlocked
baseline_full_dynamic_factor_industry_cap2,2025-06-18,300130,新国都,IT设备,BUY,28.8201,4000,115280.4,86.4603,121047.63960249996,rebalance_unlocked
baseline_full_dynamic_factor_industry_cap2,2025-06-18,300773,拉卡拉,软件服务,BUY,30.4572,3800,115737.36,86.80302,5223.476582499949,rebalance_unlocked
baseline_full_dynamic_factor_industry_cap2,2025-06-19,300468,四方精创,软件服务,SELL,41.0,3000,123000.0,92.25,128131.22658249995,rebalance_unlocked
baseline_full_dynamic_factor_industry_cap2,2025-06-19,300255,常山药业,生物制药,BUY,59.43,2100,124803.0,93.60225,3234.6243324999523,rebalance_unlocked
baseline_full_dynamic_factor_industry_cap2,2025-07-02,002104,恒宝股份,通信设备,SELL,18.6,900,16740.0,12.555,19962.069332499952,rebalance_unlocked
baseline_full_dynamic_factor_industry_cap2,2025-07-02,002602,世纪华通,互联网,SELL,11.21,11200,125552.00000000001,94.16400000000002,145419.90533249997,rebalance_unlocked
baseline_full_dynamic_factor_industry_cap2,2025-07-02,300130,新国都,IT设备,SELL,33.0859,4000,132343.6,99.2577,277664.2476325,rebalance_unlocked
baseline_full_dynamic_factor_industry_cap2,2025-07-02,300773,拉卡拉,软件服务,SELL,30.3563,3800,115353.94,86.515455,392931.67217750003,rebalance_unlocked
baseline_full_dynamic_factor_industry_cap2,2025-07-02,002074,国轩高科,电气设备,BUY,31.832,4100,130511.2,97.8834,262322.58877750003,rebalance_unlocked
baseline_full_dynamic_factor_industry_cap2,2025-07-02,601162,天风证券,证券,BUY,4.77,27400,130697.99999999999,98.02349999999998,131526.56527750005,rebalance_unlocked
baseline_full_dynamic_factor_industry_cap2,2025-07-02,688256,寒武纪-U,半导体,BUY,560.22,200,112044.0,84.033,19398.532277500053,rebalance_unlocked
baseline_full_dynamic_factor_industry_cap2,2025-07-03,002104,恒宝股份,通信设备,SELL,18.86,500,9430.0,7.0725,28821.45977750005,rebalance_unlocked
baseline_full_dynamic_factor_industry_cap2,2025-07-03,300255,常山药业,生物制药,SELL,45.02,2100,94542.0,70.90650000000001,123292.55327750006,rebalance_unlocked
baseline_full_dynamic_factor_industry_cap2,2025-07-03,601899,紫金矿业,铜,BUY,20.5265,5900,121106.34999999999,90.8297625,2095.373515000072,rebalance_unlocked
baseline_full_dynamic_factor_industry_cap2,2025-07-04,002104,恒宝股份,通信设备,BUY,19.95,100,1995.0,1.49625,98.87726500007216,rebalance_unlocked
baseline_full_dynamic_factor_industry_cap2,2025-07-07,002104,恒宝股份,通信设备,SELL,19.99,6600,131934.0,98.9505,131933.92676500007,rebalance_unlocked
baseline_full_dynamic_factor_industry_cap2,2025-07-07,300476,胜宏科技,元器件,BUY,145.4743,900,130926.87,98.19515249999999,908.8616125000699,rebalance_unlocked
baseline_full_dynamic_factor_industry_cap2,2025-07-16,002074,国轩高科,电气设备,SELL,29.4845,4100,120886.45,90.6648375,121704.64677500007,rebalance_unlocked
baseline_full_dynamic_factor_industry_cap2,2025-07-16,601162,天风证券,证券,SELL,4.81,27400,131794.0,98.8455,253399.8012750001,rebalance_unlocked
baseline_full_dynamic_factor_industry_cap2,2025-07-16,688256,寒武纪-U,半导体,SELL,548.09,200,109618.0,82.2135,362935.5877750001,rebalance_unlocked
baseline_full_dynamic_factor_industry_cap2,2025-07-16,002384,东山精密,元器件,BUY,51.48,2300,118404.0,88.803,244442.78477500007,rebalance_unlocked
baseline_full_dynamic_factor_industry_cap2,2025-07-16,300308,中际旭创,通信设备,BUY,180.1984,600,108119.04,81.08928,136242.65549500007,rebalance_unlocked
baseline_full_dynamic_factor_industry_cap2,2025-07-16,300502,新易盛,通信设备,BUY,161.71,700,113197.0,84.89775,22960.757745000068,rebalance_unlocked
baseline_full_dynamic_factor_industry_cap2,2025-07-17,601899,紫金矿业,铜,SELL,19.277,5900,113734.3,85.300725,136609.75702000008,rebalance_unlocked
baseline_full_dynamic_factor_industry_cap2,2025-07-17,002104,恒宝股份,通信设备,BUY,24.0,5600,134400.0,100.8,2108.957020000089,rebalance_unlocked
baseline_full_dynamic_factor_industry_cap2,2025-07-22,300476,胜宏科技,元器件,SELL,157.5217,900,141769.53,106.3271475,143772.15987250008,rebalance_unlocked
baseline_full_dynamic_factor_industry_cap2,2025-07-22,600111,北方稀土,小金属,BUY,34.52,4100,141532.0,106.149,2134.0108725000755,rebalance_unlocked
baseline_full_dynamic_factor_industry_cap2,2025-07-30,002384,东山精密,元器件,SELL,58.03,2300,133469.0,100.10175,135502.90912250007,rebalance_unlocked
baseline_full_dynamic_factor_industry_cap2,2025-07-30,300308,中际旭创,通信设备,SELL,207.5188,600,124511.28,93.38346,259920.8056625001,rebalance_unlocked
baseline_full_dynamic_factor_industry_cap2,2025-07-30,300502,新易盛,通信设备,SELL,188.0,100,18800.0,14.1,278706.7056625001,rebalance_unlocked
baseline_full_dynamic_factor_industry_cap2,2025-07-30,600392,盛和资源,小金属,BUY,23.8772,5400,128936.87999999999,96.70266,149673.12300250013,rebalance_unlocked
baseline_full_dynamic_factor_industry_cap2,2025-07-30,601696,中银证券,证券,BUY,17.4361,7400,129027.14,96.770355,20549.212647500128,rebalance_unlocked
baseline_full_dynamic_factor_industry_cap2,2025-07-31,002104,恒宝股份,通信设备,SELL,19.45,5600,108920.0,81.69,129387.52264750013,rebalance_unlocked
baseline_full_dynamic_factor_industry_cap2,2025-07-31,300502,新易盛,通信设备,SELL,199.0,600,119400.0,89.55,248697.9726475001,rebalance_unlocked
baseline_full_dynamic_factor_industry_cap2,2025-07-31,600010,包钢股份,普钢,BUY,2.89,43000,124270.0,93.2025,124334.77014750011,rebalance_unlocked
baseline_full_dynamic_factor_industry_cap2,2025-07-31,600326,西藏天路,水泥,BUY,17.86,6900,123234.0,92.4255,1008.344647500111,rebalance_unlocked
baseline_full_dynamic_factor_industry_cap2,2025-08-05,600111,北方稀土,小金属,SELL,36.44,4100,149404.0,112.053,150300.2916475001,rebalance_unlocked
baseline_full_dynamic_factor_industry_cap2,2025-08-05,300308,中际旭创,通信设备,BUY,216.9797,600,130187.82,97.640865,20014.830782500096,rebalance_unlocked
baseline_full_dynamic_factor_industry_cap2,2025-08-13,600392,盛和资源,小金属,SELL,21.5416,5400,116324.64,87.24348,136252.2273025001,rebalance_unlocked
baseline_full_dynamic_factor_industry_cap2,2025-08-13,601696,中银证券,证券,SELL,15.491,7400,114633.4,85.97505,250799.65225250012,rebalance_unlocked
baseline_full_dynamic_factor_industry_cap2,2025-08-13,600967,内蒙一机,运输设备,BUY,25.95,4800,124560.0,93.42,126146.23225250012,rebalance_unlocked
baseline_full_dynamic_factor_industry_cap2,2025-08-13,601606,长城军工,专用机械,BUY,61.65,2000,123300.0,92.47500000000001,2753.757252500116,rebalance_unlocked
baseline_full_dynamic_factor_industry_cap2,2025-08-14,600010,包钢股份,普钢,SELL,2.51,43000,107929.99999999999,80.94749999999999,110602.8097525001,rebalance_unlocked
baseline_full_dynamic_factor_industry_cap2,2025-08-14,600326,西藏天路,水泥,SELL,15.97,6900,110193.0,82.64475,220713.1650025001,rebalance_unlocked
baseline_full_dynamic_factor_industry_cap2,2025-08-14,002097,山河智能,工程机械,BUY,19.0,5800,110200.0,82.65,110430.51500250012,rebalance_unlocked
baseline_full_dynamic_factor_industry_cap2,2025-08-14,600619,海立股份,家用电器,BUY,24.1,4500,108450.0,81.3375,1899.1775025001261,rebalance_unlocked
baseline_full_dynamic_factor_industry_cap2,2025-08-19,300308,中际旭创,通信设备,SELL,260.5761,600,156345.66,117.259245,158127.57825750014,rebalance_unlocked
baseline_full_dynamic_factor_industry_cap2,2025-08-19,002837,英维克,专用机械,BUY,69.0,2200,151800.0,113.85000000000001,6213.72825750013,rebalance_unlocked
baseline_full_dynamic_factor_industry_cap2,2025-08-27,600967,内蒙一机,运输设备,SELL,25.38,4800,121824.0,91.368,127946.36025750013,rebalance_unlocked
baseline_full_dynamic_factor_industry_cap2,2025-08-27,601606,长城军工,专用机械,SELL,65.2,2000,130400.0,97.8,258248.56025750012,rebalance_unlocked
baseline_full_dynamic_factor_industry_cap2,2025-08-27,002402,和而泰,元器件,BUY,41.15,3100,127565.0,95.67375,130587.88650750012,rebalance_unlocked
baseline_full_dynamic_factor_industry_cap2,2025-08-27,300394,天孚通信,通信设备,BUY,148.4229,800,118738.31999999999,89.05373999999999,11760.512767500128,rebalance_unlocked
baseline_full_dynamic_factor_industry_cap2,2025-08-28,002097,山河智能,工程机械,SELL,15.59,5800,90422.0,67.8165,102114.69626750013,rebalance_unlocked
baseline_full_dynamic_factor_industry_cap2,2025-08-28,600619,海立股份,家用电器,SELL,22.4,4500,100800.0,75.60000000000001,202839.09626750014,rebalance_unlocked
baseline_full_dynamic_factor_industry_cap2,2025-08-28,300308,中际旭创,通信设备,BUY,323.5854,300,97075.62,72.806715,105690.66955250014,rebalance_unlocked
baseline_full_dynamic_factor_industry_cap2,2025-08-28,300502,新易盛,通信设备,BUY,301.8,300,90540.0,67.905,15082.764552500143,rebalance_unlocked
baseline_full_dynamic_factor_industry_cap2,2025-09-02,002837,英维克,专用机械,SELL,78.63,2200,172986.0,129.7395,187939.02505250013,rebalance_unlocked
baseline_full_dynamic_factor_industry_cap2,2025-09-02,002195,岩山科技,软件服务,BUY,8.89,21100,187579.0,140.68425,219.34080250014085,rebalance_unlocked
baseline_full_dynamic_factor_industry_cap2,2025-09-10,002402,和而泰,元器件,SELL,35.66,3100,110545.99999999999,82.9095,110682.43130250013,rebalance_unlocked
baseline_full_dynamic_factor_industry_cap2,2025-09-10,300394,天孚通信,通信设备,SELL,176.9924,800,141593.92,106.19544,252170.15586250013,rebalance_unlocked
baseline_full_dynamic_factor_industry_cap2,2025-09-10,002074,国轩高科,电气设备,BUY,46.0,2700,124200.0,93.15,127877.00586250014,rebalance_unlocked
baseline_full_dynamic_factor_industry_cap2,2025-09-10,600021,上海电力,火力发电,BUY,20.79,6000,124740.0,93.555,3043.450862500147,rebalance_unlocked
baseline_full_dynamic_factor_industry_cap2,2025-09-11,300308,中际旭创,通信设备,SELL,403.0811,300,120924.33,90.6932475,123877.08761500014,rebalance_unlocked
baseline_full_dynamic_factor_industry_cap2,2025-09-11,300502,新易盛,通信设备,SELL,345.99,300,103797.0,77.84775,227596.23986500013,rebalance_unlocked
baseline_full_dynamic_factor_industry_cap2,2025-09-11,002384,东山精密,元器件,BUY,75.55,1500,113325.0,84.99375,114186.24611500013,rebalance_unlocked
baseline_full_dynamic_factor_industry_cap2,2025-09-11,300476,胜宏科技,元器件,BUY,302.2009,300,90660.27,67.9952025,23457.980912500134,rebalance_unlocked
baseline_full_dynamic_factor_industry_cap2,2025-09-16,002195,岩山科技,软件服务,SELL,8.43,21100,177873.0,133.40475,201197.57616250013,rebalance_unlocked
baseline_full_dynamic_factor_industry_cap2,2025-09-16,000988,华工科技,专用机械,BUY,81.58,2400,195792.0,146.844,5258.7321625001205,rebalance_unlocked
baseline_full_dynamic_factor_industry_cap2,2025-09-24,002074,国轩高科,电气设备,SELL,43.88,2700,118476.0,88.857,123645.87516250012,rebalance_unlocked
baseline_full_dynamic_factor_industry_cap2,2025-09-24,600021,上海电力,火力发电,SELL,18.58,6000,111479.99999999999,83.60999999999999,235042.2651625001,rebalance_unlocked
baseline_full_dynamic_factor_industry_cap2,2025-09-24,002475,立讯精密,元器件,BUY,64.4315,1800,115976.7,86.982525,118978.58263750009,rebalance_unlocked
baseline_full_dynamic_factor_industry_cap2,2025-09-24,300450,先导智能,专用机械,BUY,62.51,1800,112518.0,84.38850000000001,6376.19413750009,rebalance_unlocked
baseline_full_dynamic_factor_industry_cap2,2025-09-25,002384,东山精密,元器件,SELL,73.0,1500,109500.0,82.125,115794.06913750009,rebalance_unlocked
baseline_full_dynamic_factor_industry_cap2,2025-09-25,300476,胜宏科技,元器件,SELL,304.1736,300,91252.08,68.43906,206977.7100775001,rebalance_unlocked
baseline_full_dynamic_factor_industry_cap2,2025-09-25,300274,阳光电源,电气设备,BUY,154.9834,600,92990.04,69.74253,113917.92754750009,rebalance_unlocked
baseline_full_dynamic_factor_industry_cap2,2025-09-25,688008,澜起科技,半导体,BUY,133.3441,700,93340.87,70.0056525,20507.0518950001,rebalance_unlocked
baseline_full_dynamic_factor_industry_cap2,2025-09-30,000988,华工科技,专用机械,SELL,100.19,2400,240456.0,180.342,260782.7098950001,rebalance_unlocked
baseline_full_dynamic_factor_industry_cap2,2025-09-30,002709,天赐材料,化工原料,BUY,37.2476,6996,260584.2096,195.4381572,3.062137800094206,rebalance_unlocked
baseline_full_dynamic_factor_industry_cap2,2025-10-16,002475,立讯精密,元器件,SELL,58.2221,1800,104799.78,78.599835,104724.24230280009,rebalance_unlocked
baseline_full_dynamic_factor_industry_cap2,2025-10-16,300450,先导智能,专用机械,SELL,53.88,1800,96984.0,72.738,201635.5043028001,rebalance_unlocked
baseline_full_dynamic_factor_industry_cap2,2025-10-16,000969,安泰科技,小金属,BUY,20.17,5000,100850.00000000001,75.63750000000002,100709.8668028001,rebalance_unlocked
baseline_full_dynamic_factor_industry_cap2,2025-10-16,300373,扬杰科技,半导体,BUY,80.0,1200,96000.0,72.0,4637.8668028000975,rebalance_unlocked
baseline_full_dynamic_factor_industry_cap2,2025-10-17,300274,阳光电源,电气设备,SELL,161.2238,600,96734.28000000001,72.55071000000001,101299.59609280012,rebalance_unlocked
baseline_full_dynamic_factor_industry_cap2,2025-10-17,688008,澜起科技,半导体,SELL,143.3587,700,100351.09,75.2633175,201575.4227753001,rebalance_unlocked
baseline_full_dynamic_factor_industry_cap2,2025-10-17,601126,四方股份,电气设备,BUY,26.47,3800,100586.0,75.4395,100913.98327530011,rebalance_unlocked
baseline_full_dynamic_factor_industry_cap2,2025-10-17,688676,金盘科技,电气设备,BUY,71.83,1400,100562.0,75.4215,276.56177530011337,rebalance_unlocked
baseline_full_dynamic_factor_industry_cap2,2025-10-22,002709,天赐材料,化工原料,SELL,34.8819,6900,240685.11000000002,180.5138325,240781.15794280014,rebalance_unlocked
baseline_full_dynamic_factor_industry_cap2,2025-10-22,688498,源杰科技,半导体,BUY,472.55,500,236275.0,177.20625,4328.951692800154,rebalance_unlocked
baseline_full_dynamic_factor_industry_cap2,2025-10-30,000969,安泰科技,小金属,SELL,23.74,5000,118699.99999999999,89.02499999999999,122939.92669280015,rebalance_unlocked
baseline_full_dynamic_factor_industry_cap2,2025-10-30,300373,扬杰科技,半导体,SELL,73.6,1200,88320.0,66.24,211193.68669280014,rebalance_unlocked
baseline_full_dynamic_factor_industry_cap2,2025-10-30,002407,多氟多,化工原料,BUY,24.95,4200,104790.0,78.5925,106325.09419280014,rebalance_unlocked
baseline_full_dynamic_factor_industry_cap2,2025-10-30,603232,格尔软件,软件服务,BUY,22.74,4600,104604.0,78.453,1642.641192800147,rebalance_unlocked
baseline_full_dynamic_factor_industry_cap2,2025-10-31,601126,四方股份,电气设备,SELL,28.9,3800,109820.0,82.365,111380.27619280014,rebalance_unlocked
baseline_full_dynamic_factor_industry_cap2,2025-10-31,688676,金盘科技,电气设备,SELL,73.26,1400,102564.0,76.923,213867.35319280013,rebalance_unlocked
baseline_full_dynamic_factor_industry_cap2,2025-10-31,002466,天齐锂业,小金属,BUY,55.63,1900,105697.0,79.27275,108091.08044280013,rebalance_unlocked
baseline_full_dynamic_factor_industry_cap2,2025-10-31,601012,隆基绿能,电气设备,BUY,21.41,4900,104909.0,78.68175000000001,3103.398692800125,rebalance_unlocked
baseline_full_dynamic_factor_industry_cap2,2025-11-05,688498,源杰科技,半导体,SELL,499.0,500,249500.0,187.125,252416.27369280014,rebalance_unlocked
baseline_full_dynamic_factor_industry_cap2,2025-11-05,600089,特变电工,电气设备,BUY,21.41,11700,250497.0,187.87275,1731.40094280013,rebalance_unlocked
baseline_full_dynamic_factor_industry_cap2,2025-11-13,002407,多氟多,化工原料,SELL,33.51,4200,140742.0,105.5565,142367.84444280012,rebalance_unlocked
baseline_full_dynamic_factor_industry_cap2,2025-11-13,603232,格尔软件,软件服务,SELL,21.86,4600,100556.0,75.417,242848.42744280014,rebalance_unlocked
baseline_full_dynamic_factor_industry_cap2,2025-11-13,300308,中际旭创,通信设备,BUY,489.8586,200,97971.72,73.47879,144803.22865280014,rebalance_unlocked
baseline_full_dynamic_factor_industry_cap2,2025-11-13,301308,江波龙,半导体,BUY,311.39,300,93417.0,70.06275000000001,51316.165902800145,rebalance_unlocked
baseline_full_dynamic_factor_industry_cap2,2025-11-14,002466,天齐锂业,小金属,SELL,58.0,1900,110200.0,82.65,161433.51590280014,rebalance_unlocked
baseline_full_dynamic_factor_industry_cap2,2025-11-14,601012,隆基绿能,电气设备,SELL,21.0,4900,102900.0,77.175,264256.34090280015,rebalance_unlocked
baseline_full_dynamic_factor_industry_cap2,2025-11-14,002759,天际股份,电气设备,BUY,46.51,2800,130228.0,97.671,133930.66990280015,rebalance_unlocked
baseline_full_dynamic_factor_industry_cap2,2025-11-14,601600,中国铝业,铝,BUY,11.85,11100,131535.0,98.65125,2297.0186528001504,rebalance_unlocked
baseline_full_dynamic_factor_industry_cap2,2025-11-19,600089,特变电工,电气设备,SELL,22.82,11700,266994.0,200.2455,269090.77315280016,rebalance_unlocked
baseline_full_dynamic_factor_industry_cap2,2025-11-19,300058,蓝色光标,广告包装,BUY,9.51,28274,268885.74,201.66430499999998,3.368847800185904,rebalance_unlocked
baseline_full_dynamic_factor_industry_cap2,2025-11-27,300308,中际旭创,通信设备,SELL,537.635,200,107527.0,80.64525,107449.72359780018,rebalance_unlocked
baseline_full_dynamic_factor_industry_cap2,2025-11-27,301308,江波龙,半导体,SELL,244.02,300,73206.0,54.9045,180600.81909780018,rebalance_unlocked
baseline_full_dynamic_factor_industry_cap2,2025-11-27,300456,赛微电子,半导体,BUY,41.3558,2100,86847.18000000001,65.13538500000001,93688.50371280017,rebalance_unlocked
baseline_full_dynamic_factor_industry_cap2,2025-11-27,603778,国晟科技,电气设备,BUY,10.19,8800,89672.0,67.254,3949.2497128001705,rebalance_unlocked
baseline_full_dynamic_factor_industry_cap2,2025-11-28,002759,天际股份,电气设备,SELL,43.5,2800,121800.0,91.35000000000001,125657.89971280016,rebalance_unlocked
baseline_full_dynamic_factor_industry_cap2,2025-11-28,601600,中国铝业,铝,SELL,10.39,11100,115329.0,86.49675,240900.40296280017,rebalance_unlocked
baseline_full_dynamic_factor_industry_cap2,2025-11-28,688048,长光华芯,半导体,BUY,114.65,1000,114650.0,85.9875,126164.41546280017,rebalance_unlocked
baseline_full_dynamic_factor_industry_cap2,2025-12-01,301292,海科新源,化工原料,BUY,80.01,1500,120015.00000000001,90.01125000000002,6059.40421280016,rebalance_unlocked
baseline_full_dynamic_factor_industry_cap2,2025-12-03,300058,蓝色光标,广告包装,SELL,9.9,28200,279180.0,209.385,285030.01921280014,rebalance_unlocked
baseline_full_dynamic_factor_industry_cap2,2025-12-03,300437,清水源,化工原料,BUY,23.89,11900,284291.0,213.21825,525.80096280016,rebalance_unlocked
baseline_full_dynamic_factor_industry_cap2,2025-12-11,300456,赛微电子,半导体,SELL,58.7873,2100,123453.33,92.58999750000001,123886.54096530016,rebalance_unlocked
baseline_full_dynamic_factor_industry_cap2,2025-12-11,603778,国晟科技,电气设备,SELL,13.18,8800,115984.0,86.988,239783.55296530016,rebalance_unlocked
baseline_full_dynamic_factor_industry_cap2,2025-12-11,002682,龙洲股份,仓储物流,BUY,10.5,11400,119700.0,89.775,119993.77796530016,rebalance_unlocked
baseline_full_dynamic_factor_industry_cap2,2025-12-11,603216,梦天家居,家居用品,BUY,33.37,3500,116794.99999999999,87.59625,3111.1817153001757,rebalance_unlocked
baseline_full_dynamic_factor_industry_cap2,2025-12-12,688048,长光华芯,半导体,SELL,148.0,1000,148000.0,111.0,151000.1817153002,rebalance_unlocked
baseline_full_dynamic_factor_industry_cap2,2025-12-12,600343,航天动力,机械基件,BUY,36.47,4100,149527.0,112.14525,1361.0364653001889,rebalance_unlocked
baseline_full_dynamic_factor_industry_cap2,2025-12-15,301292,海科新源,化工原料,SELL,60.08,1500,90120.0,67.59,91413.44646530019,rebalance_unlocked
baseline_full_dynamic_factor_industry_cap2,2025-12-15,300548,长芯博创,通信设备,BUY,145.05,600,87030.0,65.27250000000001,4318.173965300186,rebalance_unlocked
baseline_full_dynamic_factor_industry_cap2,2025-12-17,300437,清水源,化工原料,SELL,17.39,11900,206941.0,155.20575,211103.96821530018,rebalance_unlocked
baseline_full_dynamic_factor_industry_cap2,2025-12-17,000547,航天发展,通信设备,BUY,22.02,9500,209190.0,156.8925,1757.0757153001905,rebalance_unlocked
baseline_full_dynamic_factor_industry_cap2,2025-12-25,002682,龙洲股份,仓储物流,SELL,8.27,11400,94278.0,70.7085,95964.3672153002,rebalance_unlocked
baseline_full_dynamic_factor_industry_cap2,2025-12-25,603216,梦天家居,家居用品,SELL,36.76,3500,128660.0,96.495,224527.87221530022,rebalance_unlocked
baseline_full_dynamic_factor_industry_cap2,2025-12-25,300223,北京君正,半导体,BUY,112.0,1000,112000.0,84.0,112443.87221530022,rebalance_unlocked
baseline_full_dynamic_factor_industry_cap2,2025-12-25,603083,剑桥科技,通信设备,BUY,127.5,800,102000.0,76.5,10367.372215300216,rebalance_unlocked
baseline_full_dynamic_factor_industry_cap2,2025-12-26,600343,航天动力,机械基件,SELL,43.15,4100,176915.0,132.68625,187149.68596530022,rebalance_unlocked
baseline_full_dynamic_factor_industry_cap2,2025-12-26,601318,中国平安,保险,BUY,70.44,2600,183144.0,137.358,3868.32796530021,rebalance_unlocked
baseline_full_dynamic_factor_industry_cap2,2025-12-29,300548,长芯博创,通信设备,SELL,143.0,600,85800.0,64.35,89603.9779653002,rebalance_unlocked
baseline_full_dynamic_factor_industry_cap2,2025-12-29,603993,洛阳钼业,小金属,BUY,20.06,4400,88264.0,66.19800000000001,1273.7799653002003,rebalance_unlocked
baseline_full_dynamic_factor_industry_cap2,2025-12-31,000547,航天发展,通信设备,SELL,30.89,9500,293455.0,220.09125,294508.6887153002,rebalance_unlocked
baseline_full_dynamic_factor_industry_cap2,2025-12-31,601698,中国卫通,电信运营,BUY,32.24,9100,293384.0,220.038,904.650715300173,rebalance_unlocked
baseline_full_dynamic_factor_industry_cap2,2026-01-12,300223,北京君正,半导体,SELL,120.2,1000,120200.0,90.15,121014.50071530018,rebalance_unlocked
baseline_full_dynamic_factor_industry_cap2,2026-01-12,603083,剑桥科技,通信设备,SELL,122.5,800,98000.0,73.5,218941.00071530018,rebalance_unlocked
baseline_full_dynamic_factor_industry_cap2,2026-01-12,002413,雷科防务,通信设备,BUY,18.4,5900,108559.99999999999,81.41999999999999,110299.5807153002,rebalance_unlocked
baseline_full_dynamic_factor_industry_cap2,2026-01-12,601611,中国核建,建筑工程,BUY,18.14,6000,108840.0,81.63,1377.9507153001905,rebalance_unlocked
baseline_full_dynamic_factor_industry_cap2,2026-01-13,601318,中国平安,保险,SELL,67.8,2600,176280.0,132.21,177525.7407153002,rebalance_unlocked
baseline_full_dynamic_factor_industry_cap2,2026-01-13,300418,昆仑万维,互联网,BUY,70.0,2500,175000.0,131.25,2394.4907153001986,rebalance_unlocked
baseline_full_dynamic_factor_industry_cap2,2026-01-14,603993,洛阳钼业,小金属,SELL,22.85,4400,100540.0,75.405,102859.0857153002,rebalance_unlocked
baseline_full_dynamic_factor_industry_cap2,2026-01-14,002195,岩山科技,软件服务,BUY,11.78,8700,102486.0,76.8645,296.22121530020377,rebalance_unlocked
baseline_full_dynamic_factor_industry_cap2,2026-01-16,601698,中国卫通,电信运营,SELL,39.31,9100,357721.0,268.29075,357748.9304653002,rebalance_unlocked
baseline_full_dynamic_factor_industry_cap2,2026-01-16,002716,湖南白银,小金属,BUY,10.52,33981,357480.12,268.11009,0.7003753002500162,rebalance_unlocked
baseline_full_dynamic_factor_industry_cap2,2026-01-26,002413,雷科防务,通信设备,SELL,15.01,5900,88559.0,66.41925,88493.28112530024,rebalance_unlocked
baseline_full_dynamic_factor_industry_cap2,2026-01-26,601611,中国核建,建筑工程,SELL,17.41,6000,104460.0,78.345,192874.93612530024,rebalance_unlocked
baseline_full_dynamic_factor_industry_cap2,2026-01-26,001337,四川黄金,黄金,BUY,53.7,1700,91290.0,68.4675,101516.46862530024,rebalance_unlocked
baseline_full_dynamic_factor_industry_cap2,2026-01-26,300342,天银机电,家用电器,BUY,60.0,1600,96000.0,72.0,5444.468625300244,rebalance_unlocked
baseline_full_dynamic_factor_industry_cap2,2026-01-27,300418,昆仑万维,互联网,SELL,54.77,2500,136925.0,102.69375000000001,142266.77487530024,rebalance_unlocked
baseline_full_dynamic_factor_industry_cap2,2026-01-27,601212,白银有色,铜,BUY,11.41,12400,141484.0,106.113,676.6618753002258,rebalance_unlocked
baseline_full_dynamic_factor_industry_cap2,2026-01-28,002195,岩山科技,软件服务,SELL,10.08,8700,87696.0,65.772,88306.88987530023,rebalance_unlocked
baseline_full_dynamic_factor_industry_cap2,2026-01-28,000657,中钨高新,小金属,BUY,49.99,1700,84983.0,63.73725,3260.152625300223,rebalance_unlocked
baseline_full_dynamic_factor_industry_cap2,2026-01-30,002716,湖南白银,小金属,SELL,19.04,33900,645456.0,484.092,648232.0606253003,rebalance_unlocked
baseline_full_dynamic_factor_industry_cap2,2026-01-30,300139,晓程科技,黄金,BUY,68.0,9500,646000.0,484.5,1747.560625300277,rebalance_unlocked
baseline_full_dynamic_factor_industry_cap2,2026-02-09,001337,四川黄金,黄金,SELL,47.81,1700,81277.0,60.957750000000004,82963.60287530028,rebalance_unlocked
baseline_full_dynamic_factor_industry_cap2,2026-02-09,300342,天银机电,家用电器,SELL,51.72,1600,82752.0,62.064,165653.53887530026,rebalance_unlocked
baseline_full_dynamic_factor_industry_cap2,2026-02-09,002342,巨力索具,机械基件,BUY,19.28,4200,80976.0,60.732,84616.80687530026,rebalance_unlocked
baseline_full_dynamic_factor_industry_cap2,2026-02-09,600331,宏达股份,农药化肥,BUY,17.79,4600,81834.0,61.3755,2721.4313753002643,rebalance_unlocked
baseline_full_dynamic_factor_industry_cap2,2026-02-10,601212,白银有色,铜,SELL,10.1,12400,125240.0,93.93,127867.50137530027,rebalance_unlocked
baseline_full_dynamic_factor_industry_cap2,2026-02-10,600487,亨通光电,通信设备,BUY,39.0,3200,124800.0,93.60000000000001,2973.9013753002655,rebalance_unlocked
baseline_full_dynamic_factor_industry_cap2,2026-02-11,000657,中钨高新,小金属,SELL,48.04,1700,81668.0,61.251000000000005,84580.65037530026,rebalance_unlocked
baseline_full_dynamic_factor_industry_cap2,2026-02-11,002506,协鑫集成,电气设备,BUY,5.27,16000,84320.0,63.24,197.41037530025642,rebalance_unlocked
baseline_full_dynamic_factor_industry_cap2,2026-02-13,300139,晓程科技,黄金,SELL,57.32,9500,544540.0,408.40500000000003,544329.0053753002,rebalance_unlocked
baseline_full_dynamic_factor_industry_cap2,2026-02-13,002842,翔鹭钨业,小金属,BUY,37.59,14400,541296.0,405.97200000000004,2627.033375300234,rebalance_unlocked
baseline_full_dynamic_factor_industry_cap2,2026-03-03,002342,巨力索具,机械基件,SELL,15.33,4200,64386.0,48.289500000000004,66964.74387530024,rebalance_unlocked
baseline_full_dynamic_factor_industry_cap2,2026-03-03,600331,宏达股份,农药化肥,SELL,21.64,4600,99544.0,74.658,166434.08587530022,rebalance_unlocked
baseline_full_dynamic_factor_industry_cap2,2026-03-03,600498,烽火通信,通信设备,BUY,58.41,1400,81774.0,61.3305,84598.75537530023,rebalance_unlocked
baseline_full_dynamic_factor_industry_cap2,2026-03-03,600549,厦门钨业,小金属,BUY,74.03,1100,81433.0,61.07475,3104.6806253002287,rebalance_unlocked
baseline_full_dynamic_factor_industry_cap2,2026-03-04,600487,亨通光电,通信设备,SELL,46.9,3200,150080.0,112.56,153072.12062530022,rebalance_unlocked
baseline_full_dynamic_factor_industry_cap2,2026-03-04,601872,招商轮船,水运,BUY,18.8,8100,152280.0,114.21000000000001,677.9106253002246,rebalance_unlocked
baseline_full_dynamic_factor_industry_cap2,2026-03-05,002506,协鑫集成,电气设备,SELL,5.29,16000,84640.0,63.480000000000004,85254.43062530023,rebalance_unlocked
baseline_full_dynamic_factor_industry_cap2,2026-03-05,600759,洲际油气,石油开采,BUY,8.24,10300,84872.0,63.654,318.7766253002337,rebalance_unlocked
baseline_full_dynamic_factor_industry_cap2,2026-03-09,002842,翔鹭钨业,小金属,SELL,42.56,14400,612864.0,459.648,612723.1286253002,rebalance_unlocked
baseline_full_dynamic_factor_industry_cap2,2026-03-09,000988,华工科技,专用机械,BUY,112.0,5400,604800.0,453.6,7469.5286253002705,rebalance_unlocked
baseline_full_dynamic_factor_industry_cap2,2026-03-17,600498,烽火通信,通信设备,SELL,51.33,1400,71862.0,53.8965,79277.63212530027,rebalance_unlocked
baseline_full_dynamic_factor_industry_cap2,2026-03-17,600549,厦门钨业,小金属,SELL,60.51,1100,66561.0,49.92075,145788.71137530025,rebalance_unlocked
baseline_full_dynamic_factor_industry_cap2,2026-03-17,600722,金牛化工,化工原料,BUY,17.35,4200,72870.0,54.6525,72864.05887530025,rebalance_unlocked
baseline_full_dynamic_factor_industry_cap2,2026-03-17,688525,佰维存储,半导体,BUY,232.95,300,69885.0,52.41375,2926.645125300245,rebalance_unlocked
baseline_full_dynamic_factor_industry_cap2,2026-03-18,601872,招商轮船,水运,SELL,16.38,8100,132678.0,99.5085,135505.13662530025,rebalance_unlocked
baseline_full_dynamic_factor_industry_cap2,2026-03-18,001309,德明利,半导体,BUY,359.3785,300,107813.54999999999,80.86016249999999,27610.72646280026,rebalance_unlocked
baseline_full_dynamic_factor_industry_cap2,2026-03-19,600759,洲际油气,石油开采,SELL,7.05,10300,72615.0,54.46125,100171.26521280027,rebalance_unlocked
baseline_full_dynamic_factor_industry_cap2,2026-03-19,002463,沪电股份,元器件,BUY,88.55,1100,97405.0,73.05375000000001,2693.21146280026,rebalance_unlocked
baseline_full_dynamic_factor_industry_cap2,2026-03-23,000988,华工科技,专用机械,SELL,111.3,5400,601020.0,450.765,603262.4464628003,rebalance_unlocked
baseline_full_dynamic_factor_industry_cap2,2026-03-23,300502,新易盛,通信设备,BUY,456.13,1300,592969.0,444.72675,9848.71971280023,rebalance_unlocked
baseline_full_dynamic_factor_industry_cap2,2026-03-31,600722,金牛化工,化工原料,SELL,16.01,4200,67242.0,50.4315,77040.28821280022,rebalance_unlocked
baseline_full_dynamic_factor_industry_cap2,2026-03-31,688525,佰维存储,半导体,SELL,220.02,300,66006.0,49.5045,142996.78371280024,rebalance_unlocked
baseline_full_dynamic_factor_industry_cap2,2026-03-31,002082,万邦德,中成药,BUY,28.27,2500,70675.0,53.00625,72268.77746280024,rebalance_unlocked
baseline_full_dynamic_factor_industry_cap2,2026-03-31,002192,融捷股份,小金属,BUY,82.24,800,65792.0,49.344,6427.43346280024,rebalance_unlocked
baseline_full_dynamic_factor_industry_cap2,2026-04-01,001309,德明利,半导体,SELL,417.67,300,125301.0,93.97575,131634.45771280024,rebalance_unlocked
baseline_full_dynamic_factor_industry_cap2,2026-04-01,600015,华夏银行,银行,BUY,7.36,17800,131008.0,98.256,528.2017128002481,rebalance_unlocked
baseline_full_dynamic_factor_industry_cap2,2026-04-02,002463,沪电股份,元器件,SELL,79.0,1100,86900.0,65.175,87363.02671280025,rebalance_unlocked
baseline_full_dynamic_factor_industry_cap2,2026-04-02,002361,神剑股份,化工原料,BUY,17.1,5100,87210.0,65.4075,87.61921280024399,rebalance_unlocked
baseline_full_dynamic_factor_industry_cap2,2026-04-07,300502,新易盛,通信设备,SELL,450.0,1300,585000.0,438.75,584648.8692128003,rebalance_unlocked
baseline_full_dynamic_factor_industry_cap2,2026-04-07,600488,津药药业,化学制药,BUY,7.3,80028,584204.4,438.1533,6.315912800258957,rebalance_unlocked
baseline_full_dynamic_factor_industry_cap2,2026-04-15,002082,万邦德,中成药,SELL,29.5,2500,73750.0,55.3125,73701.00341280026,rebalance_unlocked
baseline_full_dynamic_factor_industry_cap2,2026-04-15,002192,融捷股份,小金属,SELL,79.8,800,63840.0,47.88,137493.12341280025,rebalance_unlocked
baseline_full_dynamic_factor_industry_cap2,2026-04-15,300502,新易盛,通信设备,BUY,525.02,100,52502.0,39.3765,84951.74691280026,rebalance_unlocked
baseline_full_dynamic_factor_industry_cap2,2026-04-16,600015,华夏银行,银行,SELL,7.25,17800,129050.0,96.78750000000001,213904.95941280026,rebalance_unlocked
baseline_full_dynamic_factor_industry_cap2,2026-04-16,000988,华工科技,专用机械,BUY,109.9,900,98910.0,74.1825,114920.77691280027,rebalance_unlocked
baseline_full_dynamic_factor_industry_cap2,2026-04-16,300476,胜宏科技,元器件,BUY,298.7,300,89610.0,67.2075,25243.569412800265,rebalance_unlocked
baseline_full_dynamic_factor_industry_cap2,2026-04-17,002361,神剑股份,化工原料,SELL,18.8,5100,95880.0,71.91,121051.65941280026,rebalance_unlocked
baseline_full_dynamic_factor_industry_cap2,2026-04-17,300750,宁德时代,电气设备,BUY,463.1104,200,92622.08,69.46656,28360.11285280026,rebalance_unlocked
baseline_full_dynamic_factor_industry_cap2,2026-04-21,600488,津药药业,化学制药,SELL,6.4,80000,512000.0,384.0,539976.1128528003,rebalance_unlocked
baseline_full_dynamic_factor_industry_cap2,2026-04-21,300394,天孚通信,通信设备,BUY,345.03,1500,517544.99999999994,388.15874999999994,22042.954102800344,rebalance_unlocked
baseline_full_dynamic_factor_industry_cap2,2026-04-29,300502,新易盛,通信设备,SELL,529.0,100,52900.0,39.675000000000004,74903.27910280034,rebalance_unlocked
baseline_full_dynamic_factor_industry_cap2,2026-04-29,688012,中微公司,半导体,BUY,358.92,200,71784.0,53.838,3065.441102800338,rebalance_unlocked
baseline_full_dynamic_factor_industry_cap2,2026-04-30,000988,华工科技,专用机械,SELL,119.11,900,107199.0,80.39925,110184.04185280034,rebalance_unlocked
baseline_full_dynamic_factor_industry_cap2,2026-04-30,300476,胜宏科技,元器件,SELL,333.0,300,99900.0,74.925,210009.11685280033,rebalance_unlocked
baseline_full_dynamic_factor_industry_cap2,2026-04-30,002709,天赐材料,化工原料,BUY,59.59,1700,101303.0,75.97725,108630.13960280034,rebalance_unlocked
baseline_full_dynamic_factor_industry_cap2,2026-04-30,600176,中国巨石,玻璃,BUY,35.65,2900,103385.0,77.53875000000001,5167.600852800329,rebalance_unlocked
baseline_full_dynamic_factor_industry_cap2,2026-05-06,300750,宁德时代,电气设备,SELL,457.5,200,91500.0,68.625,96598.97585280033,rebalance_unlocked
baseline_full_dynamic_factor_industry_cap2,2026-05-08,300394,天孚通信,通信设备,SELL,321.14,1500,481710.0,361.2825,577947.6933528003,rebalance_unlocked
baseline_full_dynamic_factor_industry_cap2,2026-05-08,000066,中国长城,IT设备,BUY,23.78,12100,287738.0,215.8035,289993.88985280035,rebalance_unlocked
baseline_full_dynamic_factor_industry_cap2,2026-05-08,002149,西部材料,小金属,BUY,72.78,3900,283842.0,212.88150000000002,5939.008352800331,rebalance_unlocked
baseline_full_dynamic_factor_industry_cap2,2026-05-18,688012,中微公司,半导体,SELL,441.0,200,88200.0,66.15,94072.85835280034,rebalance_unlocked
baseline_full_dynamic_factor_industry_cap2,2026-05-18,688146,中船特气,半导体,BUY,141.36,600,84816.00000000001,63.61200000000001,9193.246352800328,rebalance_unlocked
baseline_full_dynamic_factor_industry_cap2,2026-05-19,002709,天赐材料,化工原料,SELL,55.66,1700,94622.0,70.9665,103744.27985280033,rebalance_unlocked
baseline_full_dynamic_factor_industry_cap2,2026-05-19,600176,中国巨石,玻璃,SELL,33.93,2900,98397.0,73.79775000000001,202067.48210280034,rebalance_unlocked
baseline_full_dynamic_factor_industry_cap2,2026-05-19,002484,江海股份,元器件,BUY,52.39,1900,99541.0,74.65575,102451.82635280033,rebalance_unlocked
baseline_full_dynamic_factor_industry_cap2,2026-05-19,603986,兆易创新,半导体,BUY,390.0,200,78000.0,58.5,24393.32635280033,rebalance_unlocked
baseline_full_dynamic_factor_industry_cap2,2026-05-22,000066,中国长城,IT设备,SELL,20.98,12100,253858.0,190.39350000000002,278060.93285280035,rebalance_unlocked
baseline_full_dynamic_factor_industry_cap2,2026-05-22,002149,西部材料,小金属,SELL,68.18,3900,265902.0,199.4265,543763.5063528004,rebalance_unlocked
baseline_full_dynamic_factor_industry_cap2,2026-05-22,002371,北方华创,半导体,BUY,663.03,400,265212.0,198.909,278352.5973528004,rebalance_unlocked
baseline_full_dynamic_factor_industry_cap2,2026-05-22,002407,多氟多,化工原料,BUY,41.02,6600,270732.0,203.049,7417.548352800426,rebalance_unlocked
baseline_full_score,2025-06-04,002023,海特高新,航空,BUY,10.87,9100,98917.0,74.18775000000001,401008.81225,rebalance_unlocked
baseline_full_score,2025-06-04,002389,航天彩虹,航空,BUY,22.5591,4400,99260.04000000001,74.44503,301674.32722,rebalance_unlocked
baseline_full_score,2025-06-04,002907,华森制药,中成药,BUY,21.9284,4500,98677.8,74.00835000000001,202922.51886999997,rebalance_unlocked
baseline_full_score,2025-06-04,600415,小商品城,商品城,BUY,18.7287,5300,99262.11,74.4465825,103585.96228749998,rebalance_unlocked
baseline_full_score,2025-06-04,603056,德邦股份,仓储物流,BUY,23.1848,4300,99694.64,74.77098,3816.5513074999762,rebalance_unlocked
baseline_full_score,2025-06-18,002023,海特高新,航空,SELL,10.2,9100,92820.0,69.615,96566.93630749997,rebalance_unlocked
baseline_full_score,2025-06-18,002389,航天彩虹,航空,SELL,23.5116,4400,103451.04000000001,77.58828000000001,199940.38802749998,rebalance_unlocked
baseline_full_score,2025-06-18,002907,华森制药,中成药,SELL,16.9597,4500,76318.65000000001,57.23898750000001,276201.79904,rebalance_unlocked
baseline_full_score,2025-06-18,600415,小商品城,商品城,SELL,20.01,5300,106053.00000000001,79.53975000000001,382175.25929,rebalance_unlocked
baseline_full_score,2025-06-18,603056,德邦股份,仓储物流,SELL,16.79,4300,72197.0,54.14775,454318.11154,rebalance_unlocked
baseline_full_score,2025-06-18,000617,中油资本,多元金融,BUY,7.6508,11800,90279.44,67.70958,363970.96196,rebalance_unlocked
baseline_full_score,2025-06-18,002785,万里石,其他建材,BUY,35.99,2500,89975.0,67.48125,273928.48071,rebalance_unlocked
baseline_full_score,2025-06-18,300101,振芯科技,通信设备,BUY,21.0,4300,90300.0,67.725,183560.75570999997,rebalance_unlocked
baseline_full_score,2025-06-18,300130,新国都,IT设备,BUY,28.8201,3100,89342.31,67.0067325,94151.43897749997,rebalance_unlocked
baseline_full_score,2025-06-18,300698,万马科技,通信设备,BUY,41.55,2100,87255.0,65.44125,6830.997727499969,rebalance_unlocked
baseline_full_score,2025-07-02,000617,中油资本,多元金融,SELL,7.2961,11800,86093.98,64.570485,92860.40724249996,rebalance_unlocked
baseline_full_score,2025-07-02,002785,万里石,其他建材,SELL,28.0,2500,70000.0,52.5,162807.90724249996,rebalance_unlocked
baseline_full_score,2025-07-02,300101,振芯科技,通信设备,SELL,22.74,4300,97782.0,73.3365,260516.57074249996,rebalance_unlocked
baseline_full_score,2025-07-02,300130,新国都,IT设备,SELL,33.0859,3100,102566.29000000001,76.92471750000001,363005.93602499994,rebalance_unlocked
baseline_full_score,2025-07-02,300698,万马科技,通信设备,SELL,43.57,2100,91497.0,68.62275,454434.31327499996,rebalance_unlocked
baseline_full_score,2025-07-02,001298,好上好,元器件,BUY,48.3718,1800,87069.24,65.30193,367299.77134499996,rebalance_unlocked
baseline_full_score,2025-07-02,002015,协鑫能科,新型电力,BUY,14.4815,6200,89785.3,67.338975,277447.13236999995,rebalance_unlocked
baseline_full_score,2025-07-02,300264,佳创视讯,软件服务,BUY,6.4,14200,90880.0,68.16,186498.97236999994,rebalance_unlocked
baseline_full_score,2025-07-02,601606,长城军工,专用机械,BUY,31.0,2900,89900.0,67.425,96531.54736999994,rebalance_unlocked
baseline_full_score,2025-07-02,603818,曲美家居,家居用品,BUY,5.25,17300,90825.0,68.11875,5638.428619999948,rebalance_unlocked
baseline_full_score,2025-07-16,001298,好上好,元器件,SELL,44.1144,1800,79405.92000000001,59.554440000000014,84984.79417999995,rebalance_unlocked
baseline_full_score,2025-07-16,002015,协鑫能科,新型电力,SELL,12.93,6200,80166.0,60.124500000000005,165090.66967999993,rebalance_unlocked
baseline_full_score,2025-07-16,300264,佳创视讯,软件服务,SELL,6.38,14200,90596.0,67.947,255618.72267999995,rebalance_unlocked
baseline_full_score,2025-07-16,601606,长城军工,专用机械,SELL,28.75,2900,83375.0,62.53125,338931.19142999995,rebalance_unlocked
baseline_full_score,2025-07-16,603818,曲美家居,家居用品,SELL,4.52,17300,78195.99999999999,58.64699999999999,417068.54442999995,rebalance_unlocked
baseline_full_score,2025-07-16,300365,恒华科技,软件服务,BUY,6.73,12400,83452.0,62.589,333553.95543,rebalance_unlocked
baseline_full_score,2025-07-16,300708,聚灿光电,半导体,BUY,18.2193,4500,81986.85,61.4901375,251505.61529249995,rebalance_unlocked
baseline_full_score,2025-07-16,600212,绿能慧充,电气设备,BUY,9.02,9200,82984.0,62.238,168459.37729249994,rebalance_unlocked
baseline_full_score,2025-07-16,603590,康辰药业,生物制药,BUY,49.6,1600,79360.0,59.52,89039.85729249993,rebalance_unlocked
baseline_full_score,2025-07-16,603918,金桥信息,软件服务,BUY,21.9,3800,83220.0,62.415,5757.442292499938,rebalance_unlocked
baseline_full_score,2025-07-30,300365,恒华科技,软件服务,SELL,6.86,12400,85064.0,63.798,90757.64429249994,rebalance_unlocked
baseline_full_score,2025-07-30,300708,聚灿光电,半导体,SELL,18.3196,4500,82438.20000000001,61.82865000000001,173134.01564249996,rebalance_unlocked
baseline_full_score,2025-07-30,600212,绿能慧充,电气设备,SELL,9.34,9200,85928.0,64.446,258997.56964249996,rebalance_unlocked
baseline_full_score,2025-07-30,603590,康辰药业,生物制药,SELL,61.29,1600,98064.0,73.548,356988.02164249995,rebalance_unlocked
baseline_full_score,2025-07-30,603918,金桥信息,软件服务,SELL,20.87,3800,79306.0,59.4795,436234.54214249994,rebalance_unlocked
baseline_full_score,2025-07-30,002037,保利联合,化工原料,BUY,15.72,5500,86460.0,64.845,349709.69714249996,rebalance_unlocked
baseline_full_score,2025-07-30,300502,新易盛,通信设备,BUY,188.0,400,75200.0,56.4,274453.29714249994,rebalance_unlocked
baseline_full_score,2025-07-30,300609,汇纳科技,软件服务,BUY,40.49,2100,85029.0,63.771750000000004,189360.52539249993,rebalance_unlocked
baseline_full_score,2025-07-30,603259,药明康德,化学制药,BUY,98.9226,800,79138.08,59.35356,110163.09183249992,rebalance_unlocked
baseline_full_score,2025-07-30,603486,科沃斯,家用电器,BUY,76.5,1100,84150.0,63.112500000000004,25949.97933249992,rebalance_unlocked
baseline_full_score,2025-08-13,002037,保利联合,化工原料,SELL,12.14,5500,66770.0,50.0775,92669.90183249992,rebalance_unlocked
baseline_full_score,2025-08-13,300502,新易盛,通信设备,SELL,206.0,400,82400.0,61.800000000000004,175008.1018324999,rebalance_unlocked
baseline_full_score,2025-08-13,300609,汇纳科技,软件服务,SELL,44.6,2100,93660.0,70.245,268597.8568324999,rebalance_unlocked
baseline_full_score,2025-08-13,603259,药明康德,化学制药,SELL,92.4013,800,73921.04000000001,55.440780000000004,342463.45605249994,rebalance_unlocked
baseline_full_score,2025-08-13,603486,科沃斯,家用电器,SELL,88.47,1100,97317.0,72.98775,439707.46830249997,rebalance_unlocked
baseline_full_score,2025-08-13,600255,鑫科材料,小金属,BUY,4.13,21300,87969.0,65.97675,351672.49155249994,rebalance_unlocked
baseline_full_score,2025-08-13,601606,长城军工,专用机械,BUY,61.65,1400,86310.0,64.7325,265297.75905249995,rebalance_unlocked
baseline_full_score,2025-08-13,603040,新坐标,汽车配件,BUY,54.5931,1600,87348.96,65.51172000000001,177883.28733249995,rebalance_unlocked
baseline_full_score,2025-08-13,603109,神驰机电,电气设备,BUY,38.79,2200,85338.0,64.0035,92481.28383249995,rebalance_unlocked
baseline_full_score,2025-08-13,688665,四方光电,电器仪表,BUY,63.0,1300,81900.0,61.425000000000004,10519.858832499944,rebalance_unlocked
baseline_full_score,2025-08-27,600255,鑫科材料,小金属,SELL,4.33,21300,92229.0,69.17175,102679.68708249995,rebalance_unlocked
baseline_full_score,2025-08-27,601606,长城军工,专用机械,SELL,65.2,1400,91280.0,68.46000000000001,193891.22708249994,rebalance_unlocked
baseline_full_score,2025-08-27,603040,新坐标,汽车配件,SELL,66.3377,1600,106140.31999999999,79.60524,299951.94184249995,rebalance_unlocked
baseline_full_score,2025-08-27,603109,神驰机电,电气设备,SELL,34.69,2200,76318.0,57.2385,376212.7033424999,rebalance_unlocked
baseline_full_score,2025-08-27,688665,四方光电,电器仪表,SELL,63.5,1300,82550.0,61.9125,458700.79084249993,rebalance_unlocked
baseline_full_score,2025-08-27,002190,成飞集成,汽车配件,BUY,55.0,1600,88000.0,66.0,370634.79084249993,rebalance_unlocked
baseline_full_score,2025-08-27,002378,章源钨业,小金属,BUY,14.0,6500,91000.0,68.25,279566.54084249993,rebalance_unlocked
baseline_full_score,2025-08-27,002558,巨人网络,互联网,BUY,31.6055,2900,91655.95,68.7419625,187841.84887999995,rebalance_unlocked
baseline_full_score,2025-08-27,600246,万通发展,区域地产,BUY,13.66,6700,91522.0,68.64150000000001,96251.20737999995,rebalance_unlocked
baseline_full_score,2025-08-27,605303,园林股份,建筑工程,BUY,24.98,3600,89928.0,67.446,6255.761379999953,rebalance_unlocked
baseline_full_score,2025-09-10,002190,成飞集成,汽车配件,SELL,39.0,1600,62400.0,46.800000000000004,68608.96137999995,rebalance_unlocked
baseline_full_score,2025-09-10,002378,章源钨业,小金属,SELL,13.25,6500,86125.0,64.59375,154669.36762999994,rebalance_unlocked
baseline_full_score,2025-09-10,002558,巨人网络,互联网,SELL,39.3715,2900,114177.34999999999,85.63301249999999,268761.08461749996,rebalance_unlocked
baseline_full_score,2025-09-10,600246,万通发展,区域地产,SELL,12.73,6700,85291.0,63.968250000000005,353988.1163674999,rebalance_unlocked
baseline_full_score,2025-09-10,605303,园林股份,建筑工程,SELL,15.45,3600,55620.0,41.715,409566.40136749996,rebalance_unlocked
baseline_full_score,2025-09-10,300833,浩洋股份,专用机械,BUY,41.0,1900,77900.0,58.425000000000004,331607.97636749997,rebalance_unlocked
baseline_full_score,2025-09-10,601717,中创智领,专用机械,BUY,22.83,3500,79905.0,59.92875,251643.04761749995,rebalance_unlocked
baseline_full_score,2025-09-10,603179,新泉股份,汽车配件,BUY,64.5,1200,77400.0,58.050000000000004,174184.99761749996,rebalance_unlocked
baseline_full_score,2025-09-10,605255,天普股份,汽车配件,BUY,76.0602,1000,76060.2,57.04515,98067.75246749996,rebalance_unlocked
baseline_full_score,2025-09-10,605580,恒盛能源,供气供热,BUY,25.91,3100,80321.0,60.24075,17686.51171749996,rebalance_unlocked
baseline_full_score,2025-09-24,300833,浩洋股份,专用机械,SELL,44.88,1900,85272.0,63.954,102894.55771749996,rebalance_unlocked
baseline_full_score,2025-09-24,601717,中创智领,专用机械,SELL,25.13,3500,87955.0,65.96625,190783.59146749997,rebalance_unlocked
baseline_full_score,2025-09-24,603179,新泉股份,汽车配件,SELL,80.41,1200,96492.0,72.369,287203.22246749996,rebalance_unlocked
baseline_full_score,2025-09-24,605580,恒盛能源,供气供热,SELL,27.65,3100,85715.0,64.28625,372853.93621749996,rebalance_unlocked
baseline_full_score,2025-09-24,002916,深南电路,元器件,BUY,209.5,300,62850.0,47.1375,309956.79871749994,rebalance_unlocked
baseline_full_score,2025-09-24,300398,飞凯材料,化工原料,BUY,25.1237,2900,72858.73,54.6440475,237043.42466999995,rebalance_unlocked
baseline_full_score,2025-09-24,600226,亨通股份,供气供热,BUY,4.28,17400,74472.0,55.854,162515.57066999993,rebalance_unlocked
baseline_full_score,2025-09-24,603283,赛腾股份,专用机械,BUY,49.5,1500,74250.0,55.6875,88209.88316999993,rebalance_unlocked
baseline_full_score,2025-09-24,688525,佰维存储,半导体,BUY,87.08,800,69664.0,52.248,18493.63516999992,rebalance_unlocked
baseline_full_score,2025-10-16,002916,深南电路,元器件,SELL,200.0,300,60000.0,45.0,78448.63516999992,rebalance_unlocked
baseline_full_score,2025-10-16,300398,飞凯材料,化工原料,SELL,24.3925,2900,70738.25,53.0536875,149133.83148249993,rebalance_unlocked
baseline_full_score,2025-10-16,600226,亨通股份,供气供热,SELL,4.76,17400,82824.0,62.118,231895.71348249994,rebalance_unlocked
baseline_full_score,2025-10-16,603283,赛腾股份,专用机械,SELL,45.54,1500,68310.0,51.2325,300154.48098249995,rebalance_unlocked
baseline_full_score,2025-10-16,605255,天普股份,汽车配件,SELL,100.2293,1000,100229.29999999999,75.17197499999999,400308.60900749994,rebalance_unlocked
baseline_full_score,2025-10-16,688525,佰维存储,半导体,SELL,107.08,800,85664.0,64.248,485908.3610074999,rebalance_unlocked
baseline_full_score,2025-10-16,000600,建投能源,火力发电,BUY,8.7908,11000,96698.8,72.5241,389137.0369074999,rebalance_unlocked
baseline_full_score,2025-10-16,301181,标榜股份,汽车配件,BUY,35.99,2700,97173.0,72.87975,291891.1571574999,rebalance_unlocked
baseline_full_score,2025-10-16,301232,飞沃科技,机械基件,BUY,41.25,2300,94875.0,71.15625,196945.00090749993,rebalance_unlocked
baseline_full_score,2025-10-16,600172,黄河旋风,矿物制品,BUY,5.9,16400,96760.0,72.57000000000001,100112.43090749992,rebalance_unlocked
baseline_full_score,2025-10-16,600375,汉马科技,汽车整车,BUY,8.6,11300,97180.0,72.885,2859.5459074999235,rebalance_unlocked
baseline_full_score,2025-10-30,000600,建投能源,火力发电,SELL,9.7619,11000,107380.90000000001,80.53567500000001,110159.91023249993,rebalance_unlocked
baseline_full_score,2025-10-30,301181,标榜股份,汽车配件,SELL,50.46,2700,136242.0,102.1815,246299.72873249993,rebalance_unlocked
baseline_full_score,2025-10-30,301232,飞沃科技,机械基件,SELL,41.59,2300,95657.00000000001,71.74275000000002,341884.98598249996,rebalance_unlocked
baseline_full_score,2025-10-30,600172,黄河旋风,矿物制品,SELL,6.62,16400,108568.0,81.426,450371.5599824999,rebalance_unlocked
baseline_full_score,2025-10-30,600375,汉马科技,汽车整车,SELL,7.47,11300,84411.0,63.30825,534719.2517324999,rebalance_unlocked
baseline_full_score,2025-10-30,002028,思源电气,电气设备,BUY,133.0,800,106400.0,79.8,428239.45173249993,rebalance_unlocked
baseline_full_score,2025-10-30,002378,章源钨业,小金属,BUY,14.14,7500,106050.0,79.53750000000001,322109.9142324999,rebalance_unlocked
baseline_full_score,2025-10-30,002606,大连电瓷,电气设备,BUY,9.19,11600,106604.0,79.953,215425.96123249992,rebalance_unlocked
baseline_full_score,2025-10-30,603232,格尔软件,软件服务,BUY,22.74,4700,106877.99999999999,80.15849999999999,108467.80273249993,rebalance_unlocked
baseline_full_score,2025-10-30,605178,时空科技,装修装饰,BUY,63.48,1600,101568.0,76.176,6823.626732499921,rebalance_unlocked
baseline_full_score,2025-11-13,002028,思源电气,电气设备,SELL,140.5,800,112400.0,84.3,119139.32673249992,rebalance_unlocked
baseline_full_score,2025-11-13,002378,章源钨业,小金属,SELL,12.2,7500,91500.0,68.625,210570.70173249993,rebalance_unlocked
baseline_full_score,2025-11-13,002606,大连电瓷,电气设备,SELL,9.58,11600,111128.0,83.346,321615.3557324999,rebalance_unlocked
baseline_full_score,2025-11-13,603232,格尔软件,软件服务,SELL,21.86,4700,102742.0,77.0565,424280.2992324999,rebalance_unlocked
baseline_full_score,2025-11-13,605178,时空科技,装修装饰,SELL,71.2,1600,113920.0,85.44,538114.8592325,rebalance_unlocked
baseline_full_score,2025-11-13,001228,永泰运,仓储物流,BUY,28.8258,3700,106655.46,79.991595,431379.4076375,rebalance_unlocked
baseline_full_score,2025-11-13,002083,孚日股份,纺织,BUY,10.51,10200,107202.0,80.4015,324097.00613749993,rebalance_unlocked
baseline_full_score,2025-11-13,002196,方正电机,纺织机械,BUY,16.0,6700,107200.0,80.4,216816.60613749994,rebalance_unlocked
baseline_full_score,2025-11-13,002326,永太科技,化工原料,BUY,28.22,3800,107236.0,80.427,109500.17913749994,rebalance_unlocked
baseline_full_score,2025-11-13,002451,摩恩电气,电气设备,BUY,14.0,7600,106400.0,79.8,3020.379137499942,rebalance_unlocked
baseline_full_score,2025-11-27,001228,永泰运,仓储物流,SELL,26.78,3700,99086.0,74.3145,102032.06463749995,rebalance_unlocked
baseline_full_score,2025-11-27,002083,孚日股份,纺织,SELL,9.62,10200,98123.99999999999,73.59299999999999,200082.47163749993,rebalance_unlocked
baseline_full_score,2025-11-27,002196,方正电机,纺织机械,SELL,13.66,6700,91522.0,68.64150000000001,291535.83013749996,rebalance_unlocked
baseline_full_score,2025-11-27,002326,永太科技,化工原料,SELL,23.66,3800,89908.0,67.431,381376.3991375,rebalance_unlocked
baseline_full_score,2025-11-27,002451,摩恩电气,电气设备,SELL,10.62,7600,80712.0,60.534,462027.8651375,rebalance_unlocked
baseline_full_score,2025-11-27,000070,特发信息,通信设备,BUY,13.58,6800,92344.0,69.258,369614.60713749996,rebalance_unlocked
baseline_full_score,2025-11-27,300710,万隆光电,通信设备,BUY,27.32,3300,90156.0,67.617,279390.9901375,rebalance_unlocked
baseline_full_score,2025-11-27,301382,蜂助手,互联网,BUY,37.95,2400,91080.0,68.31,188242.6801375,rebalance_unlocked
baseline_full_score,2025-11-27,603338,浙江鼎力,工程机械,BUY,55.54,1600,88864.0,66.648,99312.03213749999,rebalance_unlocked
baseline_full_score,2025-11-27,688621,阳光诺和,医疗保健,BUY,67.86,1300,88218.0,66.1635,11027.868637499996,rebalance_unlocked
baseline_full_score,2025-12-11,000070,特发信息,通信设备,SELL,15.55,6800,105740.0,79.305,116688.5636375,rebalance_unlocked
baseline_full_score,2025-12-11,301382,蜂助手,互联网,SELL,34.01,2400,81624.0,61.218,198251.3456375,rebalance_unlocked
baseline_full_score,2025-12-11,603338,浙江鼎力,工程机械,SELL,62.75,1600,100400.0,75.3,298576.0456375,rebalance_unlocked
baseline_full_score,2025-12-11,688621,阳光诺和,医疗保健,SELL,67.78,1300,88114.0,66.0855,386623.9601375,rebalance_unlocked
baseline_full_score,2025-12-11,002281,光迅科技,通信设备,BUY,68.16,1100,74976.0,56.232,311591.7281375,rebalance_unlocked
baseline_full_score,2025-12-11,002512,达华智能,IT设备,BUY,7.55,10200,77010.0,57.7575,234523.9706375,rebalance_unlocked
baseline_full_score,2025-12-11,002682,龙洲股份,仓储物流,BUY,10.5,7300,76650.0,57.487500000000004,157816.4831375,rebalance_unlocked
baseline_full_score,2025-12-11,300395,菲利华,玻璃,BUY,91.8,800,73440.0,55.08,84321.4031375,rebalance_unlocked
baseline_full_score,2025-12-11,600846,同济科技,建筑工程,BUY,18.32,4200,76944.0,57.708,7319.695137500006,rebalance_unlocked
baseline_full_score,2025-12-18,300710,万隆光电,通信设备,SELL,30.88,3300,101904.0,76.428,109147.2671375,rebalance_unlocked
baseline_full_score,2025-12-25,002281,光迅科技,通信设备,SELL,70.41,1100,77451.0,58.08825,186540.17888750002,rebalance_unlocked
baseline_full_score,2025-12-25,002512,达华智能,IT设备,SELL,5.88,10200,59976.0,44.982,246471.1968875,rebalance_unlocked
baseline_full_score,2025-12-25,002682,龙洲股份,仓储物流,SELL,8.27,7300,60371.0,45.27825,306796.9186375,rebalance_unlocked
baseline_full_score,2025-12-25,300395,菲利华,玻璃,SELL,108.03,800,86424.0,64.818,393156.10063750006,rebalance_unlocked
baseline_full_score,2025-12-25,600846,同济科技,建筑工程,SELL,13.8,4200,57960.0,43.47,451072.6306375001,rebalance_unlocked
baseline_full_score,2025-12-25,001331,胜通能源,供气供热,BUY,38.27,2300,88021.0,66.01575,362985.61488750007,rebalance_unlocked
baseline_full_score,2025-12-25,002788,鹭燕医药,医药商业,BUY,19.0,4700,89300.0,66.975,273618.6398875001,rebalance_unlocked
baseline_full_score,2025-12-25,300223,北京君正,半导体,BUY,112.0,800,89600.0,67.2,183951.43988750008,rebalance_unlocked
baseline_full_score,2025-12-25,600230,沧州大化,化工原料,BUY,13.48,6600,88968.0,66.726,94916.71388750008,rebalance_unlocked
baseline_full_score,2025-12-25,603778,国晟科技,电气设备,BUY,14.97,6000,89820.0,67.365,5029.348887500077,rebalance_unlocked
baseline_full_score,2026-01-12,001331,胜通能源,供气供热,SELL,58.53,2300,134619.0,100.96425,139547.3846375001,rebalance_unlocked
baseline_full_score,2026-01-12,002788,鹭燕医药,医药商业,SELL,27.3,4700,128310.0,96.2325,267761.1521375001,rebalance_unlocked
baseline_full_score,2026-01-12,300223,北京君正,半导体,SELL,120.2,800,96160.0,72.12,363849.0321375001,rebalance_unlocked
baseline_full_score,2026-01-12,600230,沧州大化,化工原料,SELL,15.2,6600,100320.0,75.24,464093.79213750013,rebalance_unlocked
baseline_full_score,2026-01-12,603778,国晟科技,电气设备,SELL,23.0,6000,138000.0,103.5,601990.2921375001,rebalance_unlocked
baseline_full_score,2026-01-12,002173,创新医疗,医疗保健,BUY,35.4,3400,120360.0,90.27,481540.0221375001,rebalance_unlocked
baseline_full_score,2026-01-12,002394,联发股份,纺织,BUY,18.8,6400,120320.0,90.24,361129.7821375001,rebalance_unlocked
baseline_full_score,2026-01-12,002413,雷科防务,通信设备,BUY,18.4,6500,119599.99999999999,89.69999999999999,241440.08213750014,rebalance_unlocked
baseline_full_score,2026-01-12,002931,锋龙股份,机械基件,BUY,56.17,2100,117957.0,88.46775,123394.61438750014,rebalance_unlocked
baseline_full_score,2026-01-12,600353,旭光电子,元器件,BUY,18.71,6400,119744.0,89.808,3560.806387500139,rebalance_unlocked
baseline_full_score,2026-01-26,002173,创新医疗,医疗保健,SELL,30.19,3400,102646.0,76.9845,106129.82188750013,rebalance_unlocked
baseline_full_score,2026-01-26,002394,联发股份,纺织,SELL,15.7,6400,100480.0,75.36,206534.46188750013,rebalance_unlocked
baseline_full_score,2026-01-26,002413,雷科防务,通信设备,SELL,15.01,6500,97565.0,73.17375,304026.2881375001,rebalance_unlocked
baseline_full_score,2026-01-26,600353,旭光电子,元器件,SELL,17.42,6400,111488.00000000001,83.61600000000001,415430.67213750014,rebalance_unlocked
baseline_full_score,2026-01-26,300005,探路者,服饰,BUY,14.09,5900,83131.0,62.34825,332237.32388750016,rebalance_unlocked
baseline_full_score,2026-01-26,600391,航发科技,航空,BUY,52.04,1500,78060.0,58.545,254118.77888750017,rebalance_unlocked
baseline_full_score,2026-01-26,600759,洲际油气,石油开采,BUY,4.52,18300,82715.99999999999,62.03699999999999,171340.7418875002,rebalance_unlocked
baseline_full_score,2026-01-26,603078,江化微,半导体,BUY,30.89,2600,80314.0,60.2355,90966.5063875002,rebalance_unlocked
baseline_full_score,2026-01-27,600986,浙文互联,互联网,BUY,14.18,6400,90752.0,68.06400000000001,146.44238750019576,rebalance_unlocked
baseline_full_score,2026-02-02,002931,锋龙股份,机械基件,SELL,89.58,2100,188118.0,141.0885,188123.35388750018,rebalance_unlocked
baseline_full_score,2026-02-09,300005,探路者,服饰,SELL,14.58,5900,86022.0,64.51650000000001,274080.8373875002,rebalance_unlocked
baseline_full_score,2026-02-09,600391,航发科技,航空,SELL,53.66,1500,80490.0,60.3675,354510.4698875002,rebalance_unlocked
baseline_full_score,2026-02-09,600759,洲际油气,石油开采,SELL,5.6,18300,102480.0,76.86,456913.60988750024,rebalance_unlocked
baseline_full_score,2026-02-09,603078,江化微,半导体,SELL,24.7,2600,64220.0,48.165,521085.44488750026,rebalance_unlocked
baseline_full_score,2026-02-09,002342,巨力索具,机械基件,BUY,19.28,6700,129176.00000000001,96.88200000000002,391812.5628875003,rebalance_unlocked
baseline_full_score,2026-02-09,603507,振江股份,电气设备,BUY,32.0,4000,128000.0,96.0,263716.5628875003,rebalance_unlocked
baseline_full_score,2026-02-09,603665,康隆达,服饰,BUY,39.18,3300,129294.0,96.9705,134325.59238750028,rebalance_unlocked
baseline_full_score,2026-02-09,688277,天智航-U,医疗保健,BUY,26.8,4800,128640.0,96.48,5589.112387500281,rebalance_unlocked
baseline_full_score,2026-02-10,600986,浙文互联,互联网,SELL,14.03,6400,89792.0,67.34400000000001,95313.76838750028,rebalance_unlocked
baseline_full_score,2026-02-10,603618,杭电股份,电气设备,BUY,13.57,7000,94990.0,71.2425,252.525887500291,rebalance_unlocked
baseline_full_score,2026-03-03,002342,巨力索具,机械基件,SELL,15.33,6700,102711.0,77.03325,102886.4926375003,rebalance_unlocked
baseline_full_score,2026-03-03,603507,振江股份,电气设备,SELL,31.67,4000,126680.0,95.01,229471.4826375003,rebalance_unlocked
baseline_full_score,2026-03-03,603665,康隆达,服饰,SELL,32.37,3300,106820.99999999999,80.11574999999999,336212.3668875003,rebalance_unlocked
baseline_full_score,2026-03-03,688277,天智航-U,医疗保健,SELL,27.44,4800,131712.0,98.784,467825.5828875003,rebalance_unlocked
baseline_full_score,2026-03-03,001896,豫能控股,火力发电,BUY,13.89,8400,116676.0,87.507,351062.0758875003,rebalance_unlocked
baseline_full_score,2026-03-03,002155,湖南黄金,黄金,BUY,40.73,2800,114043.99999999999,85.53299999999999,236932.5428875003,rebalance_unlocked
baseline_full_score,2026-03-03,601006,大秦铁路,铁路,BUY,5.16,22600,116616.0,87.462,120229.08088750031,rebalance_unlocked
baseline_full_score,2026-03-03,601872,招商轮船,水运,BUY,18.9,6100,115289.99999999999,86.46749999999999,4852.613387500329,rebalance_unlocked
baseline_full_score,2026-03-04,603618,杭电股份,电气设备,SELL,16.98,7000,118860.0,89.145,123623.46838750032,rebalance_unlocked
baseline_full_score,2026-03-04,300393,中来股份,塑料,BUY,11.22,11000,123420.0,92.565,110.90338750032242,rebalance_unlocked
baseline_full_score,2026-03-17,001896,豫能控股,火力发电,SELL,13.8,8400,115920.0,86.94,115943.96338750032,rebalance_unlocked
baseline_full_score,2026-03-17,002155,湖南黄金,黄金,SELL,31.76,2800,88928.0,66.696,204805.26738750032,rebalance_unlocked
baseline_full_score,2026-03-17,601006,大秦铁路,铁路,SELL,5.33,22600,120458.0,90.3435,325172.9238875003,rebalance_unlocked
baseline_full_score,2026-03-17,601872,招商轮船,水运,SELL,16.8,6100,102480.0,76.86,427576.0638875003,rebalance_unlocked
baseline_full_score,2026-03-17,001872,招商港口,港口,BUY,22.78,4600,104788.0,78.59100000000001,322709.4728875003,rebalance_unlocked
baseline_full_score,2026-03-17,600726,华电能源,火力发电,BUY,4.16,25700,106912.0,80.184,215717.2888875003,rebalance_unlocked
baseline_full_score,2026-03-17,601816,京沪高铁,铁路,BUY,5.17,20600,106502.0,79.87650000000001,109135.4123875003,rebalance_unlocked
baseline_full_score,2026-03-17,688700,东威科技,专用机械,BUY,51.94,2000,103880.0,77.91,5177.502387500295,rebalance_unlocked
baseline_full_score,2026-03-18,300393,中来股份,塑料,SELL,10.91,11000,120010.0,90.00750000000001,125097.49488750029,rebalance_unlocked
baseline_full_score,2026-03-18,600367,红星发展,化工原料,BUY,27.4,4500,123300.0,92.47500000000001,1705.0198875002825,rebalance_unlocked
baseline_full_score,2026-03-31,001872,招商港口,港口,SELL,22.32,4600,102672.0,77.004,104300.01588750028,rebalance_unlocked
baseline_full_score,2026-03-31,600726,华电能源,火力发电,SELL,5.6,25700,143920.0,107.94,248112.07588750028,rebalance_unlocked
baseline_full_score,2026-03-31,601816,京沪高铁,铁路,SELL,5.07,20600,104442.0,78.3315,352475.7443875003,rebalance_unlocked
baseline_full_score,2026-03-31,688700,东威科技,专用机械,SELL,51.04,2000,102080.0,76.56,454479.1843875003,rebalance_unlocked
baseline_full_score,2026-03-31,002082,万邦德,中成药,BUY,28.27,4000,113080.0,84.81,341314.3743875003,rebalance_unlocked
baseline_full_score,2026-03-31,002192,融捷股份,小金属,BUY,82.24,1300,106912.0,80.184,234322.19038750028,rebalance_unlocked
baseline_full_score,2026-03-31,600666,奥瑞德,元器件,BUY,6.02,18800,113175.99999999999,84.88199999999999,121061.30838750029,rebalance_unlocked
baseline_full_score,2026-03-31,688331,荣昌生物,生物制药,BUY,130.0,800,104000.0,78.0,16983.308387500292,rebalance_unlocked
baseline_full_score,2026-04-01,600367,红星发展,化工原料,SELL,20.88,4500,93960.0,70.47,110872.83838750029,rebalance_unlocked
baseline_full_score,2026-04-01,600015,华夏银行,银行,BUY,7.36,15000,110400.0,82.8,390.0383875002881,rebalance_unlocked
baseline_full_score,2026-04-15,002082,万邦德,中成药,SELL,29.5,4000,118000.0,88.5,118301.53838750029,rebalance_unlocked
baseline_full_score,2026-04-15,002192,融捷股份,小金属,SELL,79.8,1300,103740.0,77.805,221963.73338750028,rebalance_unlocked
baseline_full_score,2026-04-15,600666,奥瑞德,元器件,SELL,6.31,18800,118627.99999999999,88.97099999999999,340502.76238750026,rebalance_unlocked
baseline_full_score,2026-04-15,688331,荣昌生物,生物制药,SELL,146.5,800,117200.0,87.9,457614.86238750024,rebalance_unlocked
baseline_full_score,2026-04-15,300408,三环集团,元器件,BUY,66.9,1700,113730.00000000001,85.29750000000001,343799.56488750025,rebalance_unlocked
baseline_full_score,2026-04-15,301079,邵阳液压,机械基件,BUY,47.19,2400,113256.0,84.94200000000001,230458.62288750027,rebalance_unlocked
baseline_full_score,2026-04-15,603256,宏和科技,玻璃,BUY,98.27,1100,108097.0,81.07275,122280.55013750026,rebalance_unlocked
baseline_full_score,2026-04-15,688090,瑞松科技,专用机械,BUY,70.0,1600,112000.0,84.0,10196.550137500264,rebalance_unlocked
baseline_full_score,2026-04-16,600015,华夏银行,银行,SELL,7.25,15000,108750.0,81.5625,118864.98763750026,rebalance_unlocked
baseline_full_score,2026-04-16,603083,剑桥科技,通信设备,BUY,125.18,900,112662.0,84.4965,6118.49113750027,rebalance_unlocked
baseline_full_score,2026-04-29,300408,三环集团,元器件,SELL,81.28,1700,138176.0,103.632,144190.85913750026,rebalance_unlocked
baseline_full_score,2026-04-29,301079,邵阳液压,机械基件,SELL,41.36,2400,99264.0,74.44800000000001,243380.41113750025,rebalance_unlocked
baseline_full_score,2026-04-29,603256,宏和科技,玻璃,SELL,108.52,1100,119372.0,89.529,362662.8821375003,rebalance_unlocked
baseline_full_score,2026-04-29,688090,瑞松科技,专用机械,SELL,70.0,1600,112000.0,84.0,474578.8821375003,rebalance_unlocked
baseline_full_score,2026-04-29,002838,道恩股份,塑料,BUY,29.5,4000,118000.0,88.5,356490.3821375003,rebalance_unlocked
baseline_full_score,2026-04-29,301358,湖南裕能,电气设备,BUY,92.66,1200,111192.0,83.394,245214.98813750027,rebalance_unlocked
baseline_full_score,2026-04-29,603318,水发燃气,供气供热,BUY,13.64,8700,118668.0,89.001,126457.98713750027,rebalance_unlocked
baseline_full_score,2026-04-29,688536,思瑞浦,半导体,BUY,228.04,500,114020.0,85.515,12352.47213750027,rebalance_unlocked
baseline_full_score,2026-04-30,603083,剑桥科技,通信设备,SELL,179.0,900,161100.0,120.825,173331.64713750026,rebalance_unlocked
baseline_full_score,2026-04-30,000593,德龙汇能,供气供热,BUY,26.13,6600,172458.0,129.3435,744.3036375002703,rebalance_unlocked
baseline_full_score,2026-05-18,002838,道恩股份,塑料,SELL,36.39,4000,145560.0,109.17,146195.13363750026,rebalance_unlocked
baseline_full_score,2026-05-18,301358,湖南裕能,电气设备,SELL,93.28,1200,111936.0,83.952,258047.18163750024,rebalance_unlocked
baseline_full_score,2026-05-18,603318,水发燃气,供气供热,SELL,11.0,8700,95700.0,71.775,353675.4066375003,rebalance_unlocked
baseline_full_score,2026-05-18,688536,思瑞浦,半导体,SELL,294.0,500,147000.0,110.25,500565.1566375003,rebalance_unlocked
baseline_full_score,2026-05-18,002208,合肥城建,区域地产,BUY,22.84,5400,123336.0,92.502,377136.6546375003,rebalance_unlocked
baseline_full_score,2026-05-18,002918,蒙娜丽莎,陶瓷,BUY,17.55,7100,124605.0,93.45375,252438.2008875003,rebalance_unlocked
baseline_full_score,2026-05-18,600730,中国高科,文教休闲,BUY,12.8,9700,124160.0,93.12,128185.08088750031,rebalance_unlocked
baseline_full_score,2026-05-18,688025,杰普特,专用机械,BUY,382.0,300,114600.0,85.95,13499.130887500316,rebalance_unlocked
baseline_full_score,2026-05-19,000593,德龙汇能,供气供热,SELL,23.97,6600,158202.0,118.6515,171582.47938750032,rebalance_unlocked
baseline_full_score,2026-05-19,002856,美芝股份,装修装饰,BUY,18.52,9200,170384.0,127.788,1070.691387500323,rebalance_unlocked
baseline_full_liquidity_detail,2025-06-04,000333,美的集团,家用电器,BUY,79.941,1200,95929.2,71.9469,403998.8531,rebalance_unlocked
baseline_full_liquidity_detail,2025-06-04,002639,雪人集团,专用机械,BUY,11.77,8400,98868.0,74.151,305056.7021,rebalance_unlocked
baseline_full_liquidity_detail,2025-06-04,300468,四方精创,软件服务,BUY,26.04,3800,98952.0,74.214,206030.4881,rebalance_unlocked
baseline_full_liquidity_detail,2025-06-04,600016,民生银行,银行,BUY,4.6817,21300,99720.21,74.7901575,106235.48794249998,rebalance_unlocked
baseline_full_liquidity_detail,2025-06-04,601229,上海银行,银行,BUY,11.6112,8600,99856.32,74.89224,6304.275702499974,rebalance_unlocked
baseline_full_liquidity_detail,2025-06-18,000333,美的集团,家用电器,SELL,72.6433,1200,87171.95999999999,65.37897,93410.85673249996,rebalance_unlocked
baseline_full_liquidity_detail,2025-06-18,002639,雪人集团,专用机械,SELL,11.85,8400,99540.0,74.655,192876.20173249996,rebalance_unlocked
baseline_full_liquidity_detail,2025-06-18,300468,四方精创,软件服务,SELL,38.64,1100,42504.0,31.878,235348.32373249996,rebalance_unlocked
baseline_full_liquidity_detail,2025-06-18,600016,民生银行,银行,SELL,4.9325,21300,105062.25,78.7966875,340331.777045,rebalance_unlocked
baseline_full_liquidity_detail,2025-06-18,601229,上海银行,银行,SELL,10.7733,8600,92650.38,69.487785,432912.66926,rebalance_unlocked
baseline_full_liquidity_detail,2025-06-18,002734,利民股份,农药化肥,BUY,22.03,4800,105744.0,79.308,327089.36126,rebalance_unlocked
baseline_full_liquidity_detail,2025-06-18,300085,银之杰,软件服务,BUY,38.57,2700,104139.0,78.10425000000001,222872.25700999997,rebalance_unlocked
baseline_full_liquidity_detail,2025-06-18,300199,翰宇药业,化学制药,BUY,16.93,6300,106659.0,79.99425000000001,116133.26275999997,rebalance_unlocked
baseline_full_liquidity_detail,2025-06-18,601318,中国平安,保险,BUY,56.6634,1800,101994.12000000001,76.49559,14062.647169999953,rebalance_unlocked
baseline_full_liquidity_detail,2025-06-19,300468,四方精创,软件服务,SELL,41.0,2700,110700.0,83.025,124679.62216999996,rebalance_unlocked
baseline_full_liquidity_detail,2025-06-19,600809,山西汾酒,白酒,BUY,180.2741,600,108164.46,81.123345,16434.038824999952,rebalance_unlocked
baseline_full_liquidity_detail,2025-07-02,002734,利民股份,农药化肥,SELL,18.21,4800,87408.0,65.556,103776.48282499996,rebalance_unlocked
baseline_full_liquidity_detail,2025-07-02,300085,银之杰,软件服务,SELL,43.53,2700,117531.0,88.14825,221219.33457499996,rebalance_unlocked
baseline_full_liquidity_detail,2025-07-02,300199,翰宇药业,化学制药,SELL,17.18,6300,108234.0,81.1755,329372.159075,rebalance_unlocked
baseline_full_liquidity_detail,2025-07-02,601318,中国平安,保险,SELL,56.6163,1800,101909.34000000001,76.432005,431205.06707,rebalance_unlocked
baseline_full_liquidity_detail,2025-07-02,300409,道氏技术,电气设备,BUY,16.01,6700,107267.00000000001,80.45025000000001,323857.61682,rebalance_unlocked
baseline_full_liquidity_detail,2025-07-02,600150,中国船舶,船舶,BUY,33.66,3200,107711.99999999999,80.78399999999999,216064.83282,rebalance_unlocked
baseline_full_liquidity_detail,2025-07-02,600967,内蒙一机,运输设备,BUY,18.4816,5800,107193.28,80.39496,108791.15786,rebalance_unlocked
baseline_full_liquidity_detail,2025-07-02,688256,寒武纪-U,半导体,BUY,560.22,100,56022.0,42.0165,52727.14136000001,rebalance_unlocked
baseline_full_liquidity_detail,2025-07-03,600809,山西汾酒,白酒,SELL,179.2736,600,107564.15999999999,80.67312,160210.62824,rebalance_unlocked
baseline_full_liquidity_detail,2025-07-03,300065,海兰信,船舶,BUY,18.96,8400,159264.0,119.44800000000001,827.180239999987,rebalance_unlocked
baseline_full_liquidity_detail,2025-07-16,300409,道氏技术,电气设备,SELL,16.11,6700,107937.0,80.95275,108683.22748999999,rebalance_unlocked
baseline_full_liquidity_detail,2025-07-16,600150,中国船舶,船舶,SELL,33.98,3200,108735.99999999999,81.55199999999999,217337.67549,rebalance_unlocked
baseline_full_liquidity_detail,2025-07-16,600967,内蒙一机,运输设备,SELL,17.5,5800,101500.0,76.125,318761.55049,rebalance_unlocked
baseline_full_liquidity_detail,2025-07-16,688256,寒武纪-U,半导体,SELL,548.09,100,54809.0,41.10675,373529.44374,rebalance_unlocked
baseline_full_liquidity_detail,2025-07-16,000725,京东方Ａ,元器件,BUY,3.97,23500,93295.0,69.97125,280164.47249,rebalance_unlocked
baseline_full_liquidity_detail,2025-07-16,002602,世纪华通,互联网,BUY,13.07,7100,92797.0,69.59775,187297.87474,rebalance_unlocked
baseline_full_liquidity_detail,2025-07-16,600048,保利发展,全国地产,BUY,8.1637,11400,93066.18000000001,69.79963500000001,94161.89510499999,rebalance_unlocked
baseline_full_liquidity_detail,2025-07-16,600744,华银电力,火力发电,BUY,8.2,11300,92659.99999999999,69.49499999999999,1432.400105000008,rebalance_unlocked
baseline_full_liquidity_detail,2025-07-17,300065,海兰信,船舶,SELL,17.74,8400,149016.0,111.762,150336.63810500002,rebalance_unlocked
baseline_full_liquidity_detail,2025-07-17,300502,新易盛,通信设备,BUY,167.01,899,150141.99,112.6064925,82.0416125000338,rebalance_unlocked
baseline_full_liquidity_detail,2025-07-30,000725,京东方Ａ,元器件,SELL,4.1,23500,96349.99999999999,72.26249999999999,96359.77911250002,rebalance_unlocked
baseline_full_liquidity_detail,2025-07-30,002602,世纪华通,互联网,SELL,12.53,7100,88963.0,66.72225,185256.05686250003,rebalance_unlocked
baseline_full_liquidity_detail,2025-07-30,600048,保利发展,全国地产,SELL,8.5826,11400,97841.64,73.38123,283024.31563250005,rebalance_unlocked
baseline_full_liquidity_detail,2025-07-30,600744,华银电力,火力发电,SELL,7.2,11300,81360.0,61.02,364323.2956325,rebalance_unlocked
baseline_full_liquidity_detail,2025-07-30,000625,长安汽车,汽车整车,BUY,13.5277,6700,90635.59,67.9766925,273619.72894000006,rebalance_unlocked
baseline_full_liquidity_detail,2025-07-30,000657,中钨高新,小金属,BUY,18.62,4800,89376.0,67.032,184176.69694000005,rebalance_unlocked
baseline_full_liquidity_detail,2025-07-30,600584,长电科技,半导体,BUY,35.8949,2500,89737.25,67.3029375,94372.14400250005,rebalance_unlocked
baseline_full_liquidity_detail,2025-07-30,688041,海光信息,半导体,BUY,142.1425,600,85285.50000000001,63.96412500000001,9022.679877500035,rebalance_unlocked
baseline_full_liquidity_detail,2025-07-31,300502,新易盛,通信设备,SELL,199.0,800,159200.0,119.4,168103.27987750003,rebalance_unlocked
baseline_full_liquidity_detail,2025-07-31,600570,恒生电子,软件服务,BUY,36.77,4500,165465.0,124.09875000000001,2514.181127500022,rebalance_unlocked
baseline_full_liquidity_detail,2025-08-13,000625,长安汽车,汽车整车,SELL,13.126,6700,87944.2,65.95815,90392.42297750001,rebalance_unlocked
baseline_full_liquidity_detail,2025-08-13,000657,中钨高新,小金属,SELL,16.65,4800,79920.0,59.94,170252.4829775,rebalance_unlocked
baseline_full_liquidity_detail,2025-08-13,600584,长电科技,半导体,SELL,35.1444,2500,87861.0,65.89575,258047.58722750001,rebalance_unlocked
baseline_full_liquidity_detail,2025-08-13,688041,海光信息,半导体,SELL,140.0419,600,84025.14,63.018855,342009.7083725,rebalance_unlocked
baseline_full_liquidity_detail,2025-08-13,002600,领益智造,元器件,BUY,10.0232,8500,85197.2,63.8979,256748.61047250003,rebalance_unlocked
baseline_full_liquidity_detail,2025-08-13,600410,华胜天成,软件服务,BUY,16.08,5300,85223.99999999999,63.91799999999999,171460.69247250003,rebalance_unlocked
baseline_full_liquidity_detail,2025-08-13,600967,内蒙一机,运输设备,BUY,25.95,3200,83040.0,62.28,88358.41247250003,rebalance_unlocked
baseline_full_liquidity_detail,2025-08-14,600570,恒生电子,软件服务,SELL,35.71,4500,160695.0,120.52125000000001,248932.89122250004,rebalance_unlocked
baseline_full_liquidity_detail,2025-08-14,002173,创新医疗,医疗保健,BUY,23.78,5200,123656.0,92.742,125184.14922250004,rebalance_unlocked
baseline_full_liquidity_detail,2025-08-14,601288,农业银行,银行,BUY,6.8872,18000,123969.6,92.97720000000001,1121.5720225000405,rebalance_unlocked
baseline_full_liquidity_detail,2025-08-27,002600,领益智造,元器件,SELL,15.5505,8500,132179.25,99.1344375,133201.68758500004,rebalance_unlocked
baseline_full_liquidity_detail,2025-08-27,600410,华胜天成,软件服务,SELL,25.89,5300,137217.0,102.91275,270315.77483500005,rebalance_unlocked
baseline_full_liquidity_detail,2025-08-27,600967,内蒙一机,运输设备,SELL,25.38,3200,81216.0,60.912,351470.86283500004,rebalance_unlocked
baseline_full_liquidity_detail,2025-08-27,300748,金力永磁,矿物制品,BUY,37.3659,3100,115834.29000000001,86.87571750000001,235549.6971175,rebalance_unlocked
baseline_full_liquidity_detail,2025-08-27,601698,中国卫通,电信运营,BUY,22.7,5100,115770.0,86.8275,119692.86961750001,rebalance_unlocked
baseline_full_liquidity_detail,2025-08-27,601888,中国中免,旅游服务,BUY,70.4819,1600,112771.04,84.57827999999999,6837.251337500013,rebalance_unlocked
baseline_full_liquidity_detail,2025-08-28,002173,创新医疗,医疗保健,SELL,22.06,5200,114712.0,86.034,121463.21733750001,rebalance_unlocked
baseline_full_liquidity_detail,2025-08-28,601288,农业银行,银行,SELL,7.1919,18000,129454.20000000001,97.09065000000001,250820.32668750003,rebalance_unlocked
baseline_full_liquidity_detail,2025-08-28,002555,三七互娱,互联网,BUY,19.7475,6300,124409.24999999999,93.30693749999999,126317.76975000004,rebalance_unlocked
baseline_full_liquidity_detail,2025-08-28,688012,中微公司,半导体,BUY,206.4,600,123840.0,92.88,2384.889750000031,rebalance_unlocked
baseline_full_liquidity_detail,2025-09-10,300748,金力永磁,矿物制品,SELL,34.6423,3100,107391.12999999999,80.5433475,109695.47640250002,rebalance_unlocked
baseline_full_liquidity_detail,2025-09-10,601698,中国卫通,电信运营,SELL,21.88,5100,111588.0,83.691,221199.7854025,rebalance_unlocked
baseline_full_liquidity_detail,2025-09-10,601888,中国中免,旅游服务,SELL,71.0036,1600,113605.76000000001,85.20432000000001,334720.3410825,rebalance_unlocked
baseline_full_liquidity_detail,2025-09-10,002074,国轩高科,电气设备,BUY,46.0,2400,110400.0,82.8,224237.5410825,rebalance_unlocked
baseline_full_liquidity_detail,2025-09-10,002460,赣锋锂业,小金属,BUY,46.45,2400,111480.0,83.61,112673.93108250001,rebalance_unlocked
baseline_full_liquidity_detail,2025-09-10,300274,阳光电源,电气设备,BUY,128.1396,800,102511.68000000001,76.88376000000001,10085.36732250001,rebalance_unlocked
baseline_full_liquidity_detail,2025-09-11,002555,三七互娱,互联网,SELL,22.231,6300,140055.30000000002,105.04147500000002,150035.62584750002,rebalance_unlocked
baseline_full_liquidity_detail,2025-09-11,688012,中微公司,半导体,SELL,206.0,600,123600.0,92.7,273542.92584750004,rebalance_unlocked
baseline_full_liquidity_detail,2025-09-11,300502,新易盛,通信设备,BUY,345.99,300,103797.0,77.84775,169668.07809750002,rebalance_unlocked
baseline_full_liquidity_detail,2025-09-11,601138,工业富联,通信设备,BUY,56.1063,2400,134655.12,100.99134,34911.96675750002,rebalance_unlocked
baseline_full_liquidity_detail,2025-09-24,002074,国轩高科,电气设备,SELL,43.88,2400,105312.0,78.984,140144.98275750002,rebalance_unlocked
baseline_full_liquidity_detail,2025-09-24,300274,阳光电源,电气设备,SELL,144.3445,800,115475.6,86.6067,255533.97605750003,rebalance_unlocked
baseline_full_liquidity_detail,2025-09-24,002938,鹏鼎控股,元器件,BUY,61.73,2000,123460.0,92.595,131981.38105750002,rebalance_unlocked
baseline_full_liquidity_detail,2025-09-24,688205,德科立,通信设备,BUY,129.6695,900,116702.55,87.52691250000001,15191.304145000016,rebalance_unlocked
baseline_full_liquidity_detail,2025-09-25,002460,赣锋锂业,小金属,SELL,55.5,2400,133200.0,99.9,148291.40414500004,rebalance_unlocked
baseline_full_liquidity_detail,2025-09-25,300502,新易盛,通信设备,SELL,348.23,300,104469.0,78.35175,252682.05239500004,rebalance_unlocked
baseline_full_liquidity_detail,2025-09-25,601138,工业富联,通信设备,SELL,68.2526,2400,163806.24,122.85468,416365.437715,rebalance_unlocked
baseline_full_liquidity_detail,2025-09-25,603501,豪威集团,半导体,BUY,149.1594,900,134243.46,100.68259499999999,282021.29512,rebalance_unlocked
baseline_full_liquidity_detail,2025-09-25,688008,澜起科技,半导体,BUY,133.3441,1000,133344.1,100.008075,148577.18704500003,rebalance_unlocked
baseline_full_liquidity_detail,2025-09-25,688012,中微公司,半导体,BUY,285.0,400,114000.0,85.5,34491.68704500003,rebalance_unlocked
baseline_full_liquidity_detail,2025-10-16,002938,鹏鼎控股,元器件,SELL,48.98,2000,97960.0,73.47,132378.21704500003,rebalance_unlocked
baseline_full_liquidity_detail,2025-10-16,688205,德科立,通信设备,SELL,99.4994,900,89549.45999999999,67.162095,221860.51495,rebalance_unlocked
baseline_full_liquidity_detail,2025-10-16,002460,赣锋锂业,小金属,BUY,65.01,1700,110517.00000000001,82.88775000000001,111260.6272,rebalance_unlocked
baseline_full_liquidity_detail,2025-10-16,600392,盛和资源,小金属,BUY,25.2906,4300,108749.58,81.562185,2429.4850149999984,rebalance_unlocked
baseline_full_liquidity_detail,2025-10-17,603501,豪威集团,半导体,SELL,133.0745,900,119767.05,89.8252875,122106.7097275,rebalance_unlocked
baseline_full_liquidity_detail,2025-10-17,688008,澜起科技,半导体,SELL,143.3587,1000,143358.7,107.51902500000001,265357.8907025,rebalance_unlocked
baseline_full_liquidity_detail,2025-10-17,688012,中微公司,半导体,SELL,272.4,400,108959.99999999999,81.71999999999998,374236.1707025,rebalance_unlocked
baseline_full_liquidity_detail,2025-10-17,600036,招商银行,银行,BUY,42.9621,2900,124590.09,93.4425675,249552.638135,rebalance_unlocked
baseline_full_liquidity_detail,2025-10-17,600547,山东黄金,黄金,BUY,41.2696,3000,123808.79999999999,92.8566,125650.981535,rebalance_unlocked
baseline_full_liquidity_detail,2025-10-17,601288,农业银行,银行,BUY,7.6084,16400,124777.76,93.58332,779.638214999999,rebalance_unlocked
baseline_full_liquidity_detail,2025-10-30,002460,赣锋锂业,小金属,SELL,69.17,1700,117589.0,88.19175,118280.446465,rebalance_unlocked
baseline_full_liquidity_detail,2025-10-30,600392,盛和资源,小金属,SELL,23.6366,4300,101637.38,76.228035,219841.59843,rebalance_unlocked
baseline_full_liquidity_detail,2025-10-30,300476,胜宏科技,元器件,BUY,337.2158,300,101164.74,75.87355500000001,118600.98487500001,rebalance_unlocked
baseline_full_liquidity_detail,2025-10-30,301308,江波龙,半导体,BUY,294.0,300,88200.0,66.15,30334.834875000015,rebalance_unlocked
baseline_full_liquidity_detail,2025-10-31,600036,招商银行,银行,SELL,42.3261,2900,122745.68999999999,92.05926749999999,152988.4656075,rebalance_unlocked
baseline_full_liquidity_detail,2025-10-31,600547,山东黄金,黄金,SELL,36.88,3000,110640.00000000001,82.98000000000002,263545.4856075,rebalance_unlocked
baseline_full_liquidity_detail,2025-10-31,601288,农业银行,银行,SELL,8.1772,16400,134106.08,100.57955999999999,397550.9860475,rebalance_unlocked
baseline_full_liquidity_detail,2025-10-31,002466,天齐锂业,小金属,BUY,55.63,2300,127949.0,95.96175,269506.0242975,rebalance_unlocked
baseline_full_liquidity_detail,2025-10-31,300502,新易盛,通信设备,BUY,371.84,300,111551.99999999999,83.66399999999999,157870.36029749998,rebalance_unlocked
baseline_full_liquidity_detail,2025-10-31,601138,工业富联,通信设备,BUY,78.3778,1600,125404.48,94.05336,32371.82693749998,rebalance_unlocked
baseline_full_liquidity_detail,2025-11-13,300476,胜宏科技,元器件,SELL,286.9429,300,86082.87,64.5621525,118390.13478499997,rebalance_unlocked
baseline_full_liquidity_detail,2025-11-13,301308,江波龙,半导体,SELL,311.39,300,93417.0,70.06275000000001,211737.07203499996,rebalance_unlocked
baseline_full_liquidity_detail,2025-11-13,002407,多氟多,化工原料,BUY,33.51,3100,103881.0,77.91075000000001,107778.16128499997,rebalance_unlocked
baseline_full_liquidity_detail,2025-11-13,300724,捷佳伟创,专用机械,BUY,100.65,1000,100650.0,75.4875,7052.673784999963,rebalance_unlocked
baseline_full_liquidity_detail,2025-11-14,002466,天齐锂业,小金属,SELL,58.0,2300,133400.0,100.05,140352.62378499997,rebalance_unlocked
baseline_full_liquidity_detail,2025-11-14,300502,新易盛,通信设备,SELL,318.01,300,95403.0,71.55225,235684.071535,rebalance_unlocked
baseline_full_liquidity_detail,2025-11-14,601138,工业富联,通信设备,SELL,66.1611,1600,105857.76000000001,79.39332,341462.438215,rebalance_unlocked
baseline_full_liquidity_detail,2025-11-14,000833,粤桂股份,综合类,BUY,21.7,5200,112840.0,84.63,228537.80821499997,rebalance_unlocked
baseline_full_liquidity_detail,2025-11-14,002812,恩捷股份,电气设备,BUY,61.72,1800,111096.0,83.322,117358.48621499997,rebalance_unlocked
baseline_full_liquidity_detail,2025-11-14,300475,香农芯创,元器件,BUY,176.82,600,106092.0,79.569,11186.917214999965,rebalance_unlocked
baseline_full_liquidity_detail,2025-11-27,002407,多氟多,化工原料,SELL,32.03,3100,99293.0,74.46975,110405.44746499996,rebalance_unlocked
baseline_full_liquidity_detail,2025-11-27,300724,捷佳伟创,专用机械,SELL,85.0,1000,85000.0,63.75,195341.69746499998,rebalance_unlocked
baseline_full_liquidity_detail,2025-11-27,002463,沪电股份,元器件,BUY,71.36,1300,92768.0,69.57600000000001,102504.12146499997,rebalance_unlocked
baseline_full_liquidity_detail,2025-11-27,300308,中际旭创,通信设备,BUY,537.635,100,53763.5,40.322625,48700.298839999974,rebalance_unlocked
baseline_full_liquidity_detail,2025-11-28,000833,粤桂股份,综合类,SELL,19.23,5200,99996.0,74.997,148621.30183999997,rebalance_unlocked
baseline_full_liquidity_detail,2025-11-28,002812,恩捷股份,电气设备,SELL,53.71,1800,96678.0,72.5085,245226.79333999997,rebalance_unlocked
baseline_full_liquidity_detail,2025-11-28,300475,香农芯创,元器件,SELL,132.54,600,79524.0,59.643,324691.15034,rebalance_unlocked
baseline_full_liquidity_detail,2025-11-28,000988,华工科技,专用机械,BUY,72.51,1400,101514.0,76.13550000000001,223101.01484,rebalance_unlocked
baseline_full_liquidity_detail,2025-11-28,300502,新易盛,通信设备,BUY,340.0,300,102000.0,76.5,121024.51483999999,rebalance_unlocked
baseline_full_liquidity_detail,2025-11-28,601138,工业富联,通信设备,BUY,60.5706,1700,102970.02,77.22751500000001,17977.26732499998,rebalance_unlocked
baseline_full_liquidity_detail,2025-12-11,002463,沪电股份,元器件,SELL,72.21,1300,93872.99999999999,70.40474999999999,111779.86257499996,rebalance_unlocked
baseline_full_liquidity_detail,2025-12-11,300308,中际旭创,通信设备,SELL,610.7213,100,61072.130000000005,45.804097500000005,172806.18847749996,rebalance_unlocked
baseline_full_liquidity_detail,2025-12-11,300394,天孚通信,通信设备,BUY,231.0,300,69300.0,51.975,103454.21347749996,rebalance_unlocked
baseline_full_liquidity_detail,2025-12-11,300476,胜宏科技,元器件,BUY,301.9392,200,60387.840000000004,45.29088,43021.08259749995,rebalance_unlocked
baseline_full_liquidity_detail,2025-12-12,000988,华工科技,专用机械,SELL,79.67,1400,111538.0,83.65350000000001,154475.42909749996,rebalance_unlocked
baseline_full_liquidity_detail,2025-12-12,601138,工业富联,通信设备,SELL,61.3348,1700,104269.16,78.20187,258666.38722749997,rebalance_unlocked
baseline_full_liquidity_detail,2025-12-12,603019,中科曙光,IT设备,BUY,88.8918,1400,124448.52,93.33639000000001,134124.53083749997,rebalance_unlocked
baseline_full_liquidity_detail,2025-12-12,603667,五洲新春,机械基件,BUY,53.55,2300,123165.0,92.37375,10867.157087499974,rebalance_unlocked
baseline_full_liquidity_detail,2025-12-16,300502,新易盛,通信设备,SELL,420.98,300,126294.0,94.7205,137066.43658749998,rebalance_unlocked
baseline_full_liquidity_detail,2025-12-16,600118,中国卫星,航空,BUY,53.5,2500,133750.0,100.3125,3216.1240874999785,rebalance_unlocked
baseline_full_liquidity_detail,2025-12-25,300394,天孚通信,通信设备,SELL,223.59,300,67077.0,50.30775,70242.81633749997,rebalance_unlocked
baseline_full_liquidity_detail,2025-12-25,300476,胜宏科技,元器件,SELL,311.2692,200,62253.840000000004,46.690380000000005,132449.96595749998,rebalance_unlocked
baseline_full_liquidity_detail,2025-12-25,000657,中钨高新,小金属,BUY,28.89,2200,63558.0,47.6685,68844.29745749998,rebalance_unlocked
baseline_full_liquidity_detail,2025-12-25,002080,中材科技,玻璃,BUY,40.4,1600,64640.0,48.480000000000004,4155.817457499979,rebalance_unlocked
baseline_full_liquidity_detail,2025-12-26,603019,中科曙光,IT设备,SELL,86.8402,1400,121576.28,91.18221,125640.91524749997,rebalance_unlocked
baseline_full_liquidity_detail,2025-12-26,603667,五洲新春,机械基件,SELL,52.3,2300,120290.0,90.2175,245840.69774749997,rebalance_unlocked
baseline_full_liquidity_detail,2025-12-26,002759,天际股份,电气设备,BUY,49.5,2400,118800.0,89.10000000000001,126951.59774749997,rebalance_unlocked
baseline_full_liquidity_detail,2025-12-26,300136,信维通信,元器件,BUY,50.0,2400,120000.0,90.0,6861.597747499967,rebalance_unlocked
baseline_full_liquidity_detail,2025-12-30,600118,中国卫星,航空,SELL,85.4,2500,213500.0,160.125,220201.47274749997,rebalance_unlocked
baseline_full_liquidity_detail,2025-12-30,600362,江西铜业,铜,BUY,46.85,4696,220007.6,165.00570000000002,28.867047499952605,rebalance_unlocked
baseline_full_liquidity_detail,2026-01-12,000657,中钨高新,小金属,SELL,33.01,2200,72622.0,54.4665,72596.40054749996,rebalance_unlocked
baseline_full_liquidity_detail,2026-01-12,002080,中材科技,玻璃,SELL,37.06,1600,59296.0,44.472,131847.92854749996,rebalance_unlocked
baseline_full_liquidity_detail,2026-01-12,002465,海格通信,通信设备,BUY,20.94,3100,64914.00000000001,48.685500000000005,66885.24304749996,rebalance_unlocked
baseline_full_liquidity_detail,2026-01-12,300058,蓝色光标,广告包装,BUY,17.98,3600,64728.0,48.546,2108.6970474999544,rebalance_unlocked
baseline_full_liquidity_detail,2026-01-13,002759,天际股份,电气设备,SELL,45.99,2400,110376.0,82.782,112401.91504749995,rebalance_unlocked
baseline_full_liquidity_detail,2026-01-13,300136,信维通信,元器件,SELL,78.02,2400,187248.0,140.436,299509.47904749995,rebalance_unlocked
baseline_full_liquidity_detail,2026-01-13,600111,北方稀土,小金属,BUY,52.49,2800,146972.0,110.229,152427.25004749995,rebalance_unlocked
baseline_full_liquidity_detail,2026-01-13,600410,华胜天成,软件服务,BUY,22.11,6700,148137.0,111.10275,4179.147297499963,rebalance_unlocked
baseline_full_liquidity_detail,2026-01-15,600362,江西铜业,铜,SELL,59.09,4600,271814.0,203.8605,275789.2867975,rebalance_unlocked
baseline_full_liquidity_detail,2026-01-15,300442,润泽科技,软件服务,BUY,85.1,3200,272320.0,204.24,3265.046797499992,rebalance_unlocked
baseline_full_liquidity_detail,2026-01-26,002465,海格通信,通信设备,SELL,19.42,3100,60202.00000000001,45.151500000000006,63421.8952975,rebalance_unlocked
baseline_full_liquidity_detail,2026-01-26,300058,蓝色光标,广告包装,SELL,20.63,3600,74268.0,55.701,137634.1942975,rebalance_unlocked
baseline_full_liquidity_detail,2026-01-26,002156,通富微电,半导体,BUY,56.04,1200,67248.0,50.436,70335.75829750001,rebalance_unlocked
baseline_full_liquidity_detail,2026-01-26,002716,湖南白银,小金属,BUY,17.43,3900,67977.0,50.98275,2307.775547500016,rebalance_unlocked
baseline_full_liquidity_detail,2026-01-27,600111,北方稀土,小金属,SELL,51.8,2800,145040.0,108.78,147238.99554750003,rebalance_unlocked
baseline_full_liquidity_detail,2026-01-27,600410,华胜天成,软件服务,SELL,19.99,6700,133933.0,100.44975000000001,281071.54579750006,rebalance_unlocked
baseline_full_liquidity_detail,2026-01-27,600547,山东黄金,黄金,BUY,53.5,2600,139100.0,104.325,141867.22079750005,rebalance_unlocked
baseline_full_liquidity_detail,2026-01-27,600988,赤峰黄金,黄金,BUY,41.21,3400,140114.0,105.0855,1648.1352975000627,rebalance_unlocked
baseline_full_liquidity_detail,2026-01-29,300442,润泽科技,软件服务,SELL,78.0,3200,249600.0,187.20000000000002,251060.93529750005,rebalance_unlocked
baseline_full_liquidity_detail,2026-01-29,600489,中金黄金,黄金,BUY,39.99,6200,247938.0,185.9535,2936.981797500048,rebalance_unlocked
baseline_full_liquidity_detail,2026-02-09,002156,通富微电,半导体,SELL,47.91,1200,57491.99999999999,43.11899999999999,60385.86279750004,rebalance_unlocked
baseline_full_liquidity_detail,2026-02-09,002716,湖南白银,小金属,SELL,13.4,3900,52260.0,39.195,112606.66779750003,rebalance_unlocked
baseline_full_liquidity_detail,2026-02-09,002149,西部材料,小金属,BUY,55.0,1000,55000.0,41.25,57565.417797500035,rebalance_unlocked
baseline_full_liquidity_detail,2026-02-09,300394,天孚通信,通信设备,BUY,277.0,200,55400.0,41.550000000000004,2123.867797500032,rebalance_unlocked
baseline_full_liquidity_detail,2026-02-10,600547,山东黄金,黄金,SELL,45.65,2600,118690.0,89.0175,120724.85029750003,rebalance_unlocked
baseline_full_liquidity_detail,2026-02-10,600988,赤峰黄金,黄金,SELL,37.05,3400,125969.99999999999,94.47749999999999,246600.37279750002,rebalance_unlocked
baseline_full_liquidity_detail,2026-02-10,300502,新易盛,通信设备,BUY,392.19,300,117657.0,88.24275,128855.13004750002,rebalance_unlocked
baseline_full_liquidity_detail,2026-02-10,688498,源杰科技,半导体,BUY,795.76,100,79576.0,59.682,49219.44804750002,rebalance_unlocked
baseline_full_liquidity_detail,2026-02-12,600489,中金黄金,黄金,SELL,30.45,6200,188790.0,141.5925,237867.85554750002,rebalance_unlocked
baseline_full_liquidity_detail,2026-02-12,300395,菲利华,玻璃,BUY,99.0,2400,237600.0,178.20000000000002,89.65554750000592,rebalance_unlocked
baseline_full_liquidity_detail,2026-03-03,002149,西部材料,小金属,SELL,55.0,1000,55000.0,41.25,55048.405547500006,rebalance_unlocked
baseline_full_liquidity_detail,2026-03-03,300394,天孚通信,通信设备,SELL,364.82,200,72964.0,54.723,127957.68254750001,rebalance_unlocked
baseline_full_liquidity_detail,2026-03-03,000960,锡业股份,小金属,BUY,46.0088,1300,59811.44,44.85858,68101.3839675,rebalance_unlocked
baseline_full_liquidity_detail,2026-03-03,601872,招商轮船,水运,BUY,18.9,3300,62369.99999999999,46.777499999999996,5684.606467500016,rebalance_unlocked
baseline_full_liquidity_detail,2026-03-04,300502,新易盛,通信设备,SELL,377.6,300,113280.0,84.96000000000001,118879.64646750002,rebalance_unlocked
baseline_full_liquidity_detail,2026-03-04,688498,源杰科技,半导体,SELL,865.12,100,86512.0,64.884,205326.7624675,rebalance_unlocked
baseline_full_liquidity_detail,2026-03-04,002756,永兴材料,小金属,BUY,64.87,1500,97305.0,72.97875,107948.7837175,rebalance_unlocked
baseline_full_liquidity_detail,2026-03-04,600549,厦门钨业,小金属,BUY,70.1,1400,98139.99999999999,73.60499999999999,9735.17871750002,rebalance_unlocked
baseline_full_liquidity_detail,2026-03-06,300395,菲利华,玻璃,SELL,112.61,2400,270264.0,202.698,279796.48071750003,rebalance_unlocked
baseline_full_liquidity_detail,2026-03-06,001309,德明利,半导体,BUY,256.3399,1000,256339.9,192.254925,23264.32579250005,rebalance_unlocked
baseline_full_liquidity_detail,2026-03-17,000960,锡业股份,小金属,SELL,36.1001,1300,46930.13,35.1975975,70159.25819500005,rebalance_unlocked
baseline_full_liquidity_detail,2026-03-17,601872,招商轮船,水运,SELL,16.8,3300,55440.0,41.58,125557.67819500004,rebalance_unlocked
baseline_full_liquidity_detail,2026-03-17,002202,金风科技,电气设备,BUY,30.01,2000,60020.0,45.015,65492.663195000045,rebalance_unlocked
baseline_full_liquidity_detail,2026-03-17,601669,中国电建,建筑工程,BUY,6.28,10000,62800.0,47.1,2645.563195000046,rebalance_unlocked
baseline_full_liquidity_detail,2026-03-18,002756,永兴材料,小金属,SELL,66.29,1500,99435.00000000001,74.57625000000002,102005.98694500007,rebalance_unlocked
baseline_full_liquidity_detail,2026-03-18,600549,厦门钨业,小金属,SELL,59.35,1400,83090.0,62.3175,185033.66944500007,rebalance_unlocked
baseline_full_liquidity_detail,2026-03-18,002463,沪电股份,元器件,BUY,88.01,1000,88010.0,66.00750000000001,96957.66194500006,rebalance_unlocked
baseline_full_liquidity_detail,2026-03-18,601012,隆基绿能,电气设备,BUY,18.76,4900,91924.00000000001,68.94300000000001,4964.718945000044,rebalance_unlocked
baseline_full_liquidity_detail,2026-03-23,001309,德明利,半导体,SELL,320.3373,1000,320337.30000000005,240.25297500000005,325061.76597000007,rebalance_unlocked
baseline_full_liquidity_detail,2026-03-23,300308,中际旭创,通信设备,BUY,591.0081,500,295504.05,221.6280375,29336.087932500057,rebalance_unlocked
baseline_full_liquidity_detail,2026-03-31,002202,金风科技,电气设备,SELL,27.75,2000,55500.0,41.625,84794.46293250006,rebalance_unlocked
baseline_full_liquidity_detail,2026-03-31,601669,中国电建,建筑工程,SELL,5.84,10000,58400.0,43.800000000000004,143150.66293250007,rebalance_unlocked
baseline_full_liquidity_detail,2026-03-31,002149,西部材料,小金属,BUY,52.5,1300,68250.0,51.1875,74849.47543250007,rebalance_unlocked
baseline_full_liquidity_detail,2026-03-31,002240,盛新锂能,小金属,BUY,41.33,1700,70261.0,52.695750000000004,4535.77968250007,rebalance_unlocked
baseline_full_liquidity_detail,2026-04-01,002463,沪电股份,元器件,SELL,78.5,1000,78500.0,58.875,82976.90468250007,rebalance_unlocked
baseline_full_liquidity_detail,2026-04-01,601012,隆基绿能,电气设备,SELL,17.72,4900,86828.0,65.121,169739.78368250007,rebalance_unlocked
baseline_full_liquidity_detail,2026-04-01,300136,信维通信,元器件,BUY,66.0,1200,79200.0,59.4,90480.38368250008,rebalance_unlocked
baseline_full_liquidity_detail,2026-04-01,600487,亨通光电,通信设备,BUY,54.66,1500,81990.0,61.4925,8428.891182500083,rebalance_unlocked
baseline_full_liquidity_detail,2026-04-07,300308,中际旭创,通信设备,SELL,608.719,500,304359.5,228.269625,312560.1215575001,rebalance_unlocked
baseline_full_liquidity_detail,2026-04-07,300342,天银机电,家用电器,BUY,56.26,5500,309430.0,232.0725,2898.0490575000877,rebalance_unlocked
baseline_full_liquidity_detail,2026-04-15,002149,西部材料,小金属,SELL,52.0,1300,67600.0,50.7,70447.34905750009,rebalance_unlocked
baseline_full_liquidity_detail,2026-04-15,002240,盛新锂能,小金属,SELL,47.97,1700,81549.0,61.16175,151935.1873075001,rebalance_unlocked
baseline_full_liquidity_detail,2026-04-15,002436,兴森科技,元器件,BUY,25.39,2900,73631.0,55.22325,78248.96405750011,rebalance_unlocked
baseline_full_liquidity_detail,2026-04-15,600176,中国巨石,玻璃,BUY,31.8,2300,73140.0,54.855000000000004,5054.109057500114,rebalance_unlocked
baseline_full_liquidity_detail,2026-04-16,300136,信维通信,元器件,SELL,68.01,1200,81612.0,61.209,86604.90005750011,rebalance_unlocked
baseline_full_liquidity_detail,2026-04-16,600487,亨通光电,通信设备,SELL,51.81,1500,77715.0,58.28625,164261.6138075001,rebalance_unlocked
baseline_full_liquidity_detail,2026-04-16,600183,生益科技,元器件,BUY,67.32,1200,80783.99999999999,60.587999999999994,83417.02580750012,rebalance_unlocked
baseline_full_liquidity_detail,2026-04-16,688041,海光信息,半导体,BUY,252.5,300,75750.0,56.8125,7610.213307500118,rebalance_unlocked
baseline_full_liquidity_detail,2026-04-21,300342,天银机电,家用电器,SELL,63.55,5500,349525.0,262.14375,356873.06955750013,rebalance_unlocked
baseline_full_liquidity_detail,2026-04-21,000657,中钨高新,小金属,BUY,58.0,6100,353800.0,265.35,2807.7195575001533,rebalance_unlocked
baseline_full_liquidity_detail,2026-04-29,002436,兴森科技,元器件,SELL,27.47,2900,79663.0,59.74725,82410.97230750015,rebalance_unlocked
baseline_full_liquidity_detail,2026-04-29,600176,中国巨石,玻璃,SELL,34.18,2300,78614.0,58.9605,160966.01180750015,rebalance_unlocked
baseline_full_liquidity_detail,2026-04-29,688106,金宏气体,化工原料,BUY,40.39,1900,76741.0,57.55575,84167.45605750015,rebalance_unlocked
baseline_full_liquidity_detail,2026-04-29,688268,华特气体,化工原料,BUY,197.0,400,78800.0,59.1,5308.356057500147,rebalance_unlocked
baseline_full_liquidity_detail,2026-04-30,600183,生益科技,元器件,SELL,79.0,1200,94800.0,71.10000000000001,100037.25605750014,rebalance_unlocked
baseline_full_liquidity_detail,2026-04-30,688041,海光信息,半导体,SELL,284.9,300,85470.0,64.1025,185443.15355750016,rebalance_unlocked
baseline_full_liquidity_detail,2026-04-30,002812,恩捷股份,电气设备,BUY,84.0,1100,92400.0,69.3,92973.85355750016,rebalance_unlocked
baseline_full_liquidity_detail,2026-04-30,300124,汇川技术,电器仪表,BUY,67.67,1300,87971.0,65.97825,4936.875307500159,rebalance_unlocked
baseline_full_liquidity_detail,2026-05-08,000657,中钨高新,小金属,SELL,61.8,6100,376980.0,282.735,381634.14030750014,rebalance_unlocked
baseline_full_liquidity_detail,2026-05-08,301308,江波龙,半导体,BUY,474.64,800,379712.0,284.784,1637.3563075001584,rebalance_unlocked
baseline_full_liquidity_detail,2026-05-18,688106,金宏气体,化工原料,SELL,31.47,1900,59793.0,44.84475,61385.51155750016,rebalance_unlocked
baseline_full_liquidity_detail,2026-05-18,688268,华特气体,化工原料,SELL,181.0,400,72400.0,54.300000000000004,133731.21155750015,rebalance_unlocked
baseline_full_liquidity_detail,2026-05-18,600584,长电科技,半导体,BUY,57.47,1100,63217.0,47.41275,70466.79880750015,rebalance_unlocked
baseline_full_liquidity_detail,2026-05-18,603667,五洲新春,机械基件,BUY,81.7,800,65360.0,49.02,5057.778807500152,rebalance_unlocked
baseline_full_liquidity_detail,2026-05-19,002812,恩捷股份,电气设备,SELL,75.4,1100,82940.0,62.205,87935.57380750016,rebalance_unlocked
baseline_full_liquidity_detail,2026-05-19,300124,汇川技术,电器仪表,SELL,77.6,1300,100879.99999999999,75.66,188739.91380750015,rebalance_unlocked
baseline_full_liquidity_detail,2026-05-19,603986,兆易创新,半导体,BUY,390.0,200,78000.0,58.5,110681.41380750015,rebalance_unlocked
baseline_full_liquidity_detail,2026-05-19,688120,华海清科,半导体,BUY,272.15,300,81645.0,61.23375,28975.180057500154,rebalance_unlocked
baseline_full_liquidity_detail,2026-05-22,301308,江波龙,半导体,SELL,551.0,800,440800.0,330.6,469444.58005750016,rebalance_unlocked
baseline_full_liquidity_detail,2026-05-22,300433,蓝思科技,元器件,BUY,35.86,13081,469084.66,351.813495,8.10656250017928,rebalance_unlocked
tiered_liquidity_then_bs_v2,2025-06-04,002311,海大集团,饲料,BUY,63.7876,1500,95681.4,71.76105,404246.83895,rebalance_unlocked
tiered_liquidity_then_bs_v2,2025-06-04,002389,航天彩虹,航空,BUY,22.5591,4400,99260.04000000001,74.44503,304912.35392,rebalance_unlocked
tiered_liquidity_then_bs_v2,2025-06-04,300468,四方精创,软件服务,BUY,26.04,3800,98952.0,74.214,205886.13992000002,rebalance_unlocked
tiered_liquidity_then_bs_v2,2025-06-04,600415,小商品城,商品城,BUY,18.7287,5300,99262.11,74.4465825,106549.58333750002,rebalance_unlocked
tiered_liquidity_then_bs_v2,2025-06-04,600521,华海药业,化学制药,BUY,18.5998,5300,98578.93999999999,73.93420499999999,7896.7091325000365,rebalance_unlocked
tiered_liquidity_then_bs_v2,2025-06-18,002311,海大集团,饲料,SELL,59.7805,1500,89670.75,67.2530625,97500.20607000003,rebalance_unlocked
tiered_liquidity_then_bs_v2,2025-06-18,002389,航天彩虹,航空,SELL,23.5116,4400,103451.04000000001,77.58828000000001,200873.65779000003,rebalance_unlocked
tiered_liquidity_then_bs_v2,2025-06-18,300468,四方精创,软件服务,SELL,38.64,3800,146832.0,110.124,347595.53379,rebalance_unlocked
tiered_liquidity_then_bs_v2,2025-06-18,600415,小商品城,商品城,SELL,20.01,5300,106053.00000000001,79.53975000000001,453568.99404,rebalance_unlocked
tiered_liquidity_then_bs_v2,2025-06-18,600521,华海药业,化学制药,SELL,19.2273,5300,101904.69,76.4285175,555397.2555225,rebalance_unlocked
tiered_liquidity_then_bs_v2,2025-06-18,002104,恒宝股份,通信设备,BUY,14.7,7500,110250.0,82.6875,445064.5680225,rebalance_unlocked
tiered_liquidity_then_bs_v2,2025-06-18,002602,世纪华通,互联网,BUY,10.4,10600,110240.0,82.68,334741.88802250003,rebalance_unlocked
tiered_liquidity_then_bs_v2,2025-06-18,300130,新国都,IT设备,BUY,28.8201,3800,109516.38,82.137285,225143.37073750002,rebalance_unlocked
tiered_liquidity_then_bs_v2,2025-06-18,300773,拉卡拉,软件服务,BUY,30.4572,3600,109645.92,82.23444,115415.21629750002,rebalance_unlocked
tiered_liquidity_then_bs_v2,2025-06-18,601857,中国石油,石油开采,BUY,9.7117,11400,110713.38,83.03503500000001,4618.8012625000265,rebalance_unlocked
tiered_liquidity_then_bs_v2,2025-07-02,002104,恒宝股份,通信设备,SELL,18.6,7500,139500.0,104.625,144014.17626250003,rebalance_unlocked
tiered_liquidity_then_bs_v2,2025-07-02,002602,世纪华通,互联网,SELL,11.21,10600,118826.00000000001,89.11950000000002,262751.0567625,rebalance_unlocked
tiered_liquidity_then_bs_v2,2025-07-02,300130,新国都,IT设备,SELL,33.0859,3800,125726.42000000001,94.29481500000001,388383.18194750004,rebalance_unlocked
tiered_liquidity_then_bs_v2,2025-07-02,300773,拉卡拉,软件服务,SELL,30.3563,3600,109282.68000000001,81.96201,497583.8999375,rebalance_unlocked
tiered_liquidity_then_bs_v2,2025-07-02,601857,中国石油,石油开采,SELL,8.8659,11400,101071.26,75.803445,598579.3564925,rebalance_unlocked
tiered_liquidity_then_bs_v2,2025-07-02,000737,北方铜业,铜,BUY,11.105,10700,118823.5,89.117625,479666.73886750004,rebalance_unlocked
tiered_liquidity_then_bs_v2,2025-07-02,001298,好上好,元器件,BUY,48.3718,2400,116092.32,87.06924000000001,363487.34962750005,rebalance_unlocked
tiered_liquidity_then_bs_v2,2025-07-02,002015,协鑫能科,新型电力,BUY,14.4815,8200,118748.3,89.06122500000001,244649.98840250005,rebalance_unlocked
tiered_liquidity_then_bs_v2,2025-07-02,300003,乐普医疗,医疗保健,BUY,14.8718,8000,118974.40000000001,89.2308,125586.35760250004,rebalance_unlocked
tiered_liquidity_then_bs_v2,2025-07-02,300010,豆神教育,软件服务,BUY,8.59,13900,119401.0,89.55075000000001,6095.806852500042,rebalance_unlocked
tiered_liquidity_then_bs_v2,2025-07-16,000737,北方铜业,铜,SELL,10.98,10700,117486.0,88.1145,123493.69235250005,rebalance_unlocked
tiered_liquidity_then_bs_v2,2025-07-16,001298,好上好,元器件,SELL,44.1144,2400,105874.56000000001,79.40592000000001,229288.84643250005,rebalance_unlocked
tiered_liquidity_then_bs_v2,2025-07-16,002015,协鑫能科,新型电力,SELL,12.93,8200,106026.0,79.51950000000001,335235.32693250006,rebalance_unlocked
tiered_liquidity_then_bs_v2,2025-07-16,300003,乐普医疗,医疗保健,SELL,14.8819,8000,119055.2,89.2914,454201.2355325001,rebalance_unlocked
tiered_liquidity_then_bs_v2,2025-07-16,300010,豆神教育,软件服务,SELL,8.71,13900,121069.00000000001,90.80175000000001,575179.4337825001,rebalance_unlocked
tiered_liquidity_then_bs_v2,2025-07-16,002463,沪电股份,元器件,BUY,51.9,2200,114180.0,85.635,460913.7987825001,rebalance_unlocked
tiered_liquidity_then_bs_v2,2025-07-16,300308,中际旭创,通信设备,BUY,180.1984,600,108119.04,81.08928,352713.6695025001,rebalance_unlocked
tiered_liquidity_then_bs_v2,2025-07-16,601138,工业富联,通信设备,BUY,27.6708,4100,113450.28,85.08771,239178.30179250007,rebalance_unlocked
tiered_liquidity_then_bs_v2,2025-07-16,603918,金桥信息,软件服务,BUY,21.9,5200,113879.99999999999,85.41,125212.89179250009,rebalance_unlocked
tiered_liquidity_then_bs_v2,2025-07-16,688321,微芯生物,化学制药,BUY,35.3,3200,112959.99999999999,84.71999999999998,12168.1717925001,rebalance_unlocked
tiered_liquidity_then_bs_v2,2025-07-30,002463,沪电股份,元器件,SELL,54.68,2200,120296.0,90.22200000000001,132373.94979250012,rebalance_unlocked
tiered_liquidity_then_bs_v2,2025-07-30,300308,中际旭创,通信设备,SELL,207.5188,600,124511.28,93.38346,256791.8463325001,rebalance_unlocked
tiered_liquidity_then_bs_v2,2025-07-30,601138,工业富联,通信设备,SELL,31.782,4100,130306.2,97.72965,387000.3166825001,rebalance_unlocked
tiered_liquidity_then_bs_v2,2025-07-30,603918,金桥信息,软件服务,SELL,20.87,5200,108524.0,81.393,495442.92368250014,rebalance_unlocked
tiered_liquidity_then_bs_v2,2025-07-30,688321,微芯生物,化学制药,SELL,38.24,3200,122368.0,91.776,617719.1476825002,rebalance_unlocked
tiered_liquidity_then_bs_v2,2025-07-30,300363,博腾股份,化学制药,BUY,24.71,5000,123550.0,92.66250000000001,494076.4851825002,rebalance_unlocked
tiered_liquidity_then_bs_v2,2025-07-30,300502,新易盛,通信设备,BUY,188.0,600,112800.0,84.60000000000001,381191.88518250023,rebalance_unlocked
tiered_liquidity_then_bs_v2,2025-07-30,300759,康龙化成,化学制药,BUY,32.42,3800,123196.0,92.397,257903.48818250024,rebalance_unlocked
tiered_liquidity_then_bs_v2,2025-07-30,603228,景旺电子,元器件,BUY,67.0,1800,120600.0,90.45,137213.03818250023,rebalance_unlocked
tiered_liquidity_then_bs_v2,2025-07-30,603259,药明康德,化学制药,BUY,98.9226,1200,118707.12000000001,89.03034000000001,18416.88784250022,rebalance_unlocked
tiered_liquidity_then_bs_v2,2025-08-13,300363,博腾股份,化学制药,SELL,22.45,5000,112250.0,84.1875,130582.70034250022,rebalance_unlocked
tiered_liquidity_then_bs_v2,2025-08-13,300502,新易盛,通信设备,SELL,206.0,100,20600.0,15.450000000000001,151167.25034250022,rebalance_unlocked
tiered_liquidity_then_bs_v2,2025-08-13,300759,康龙化成,化学制药,SELL,29.01,3800,110238.0,82.6785,261322.57184250024,rebalance_unlocked
tiered_liquidity_then_bs_v2,2025-08-13,603228,景旺电子,元器件,SELL,57.8,1800,104040.0,78.03,365284.5418425002,rebalance_unlocked
tiered_liquidity_then_bs_v2,2025-08-13,603259,药明康德,化学制药,SELL,92.4013,1200,110881.56000000001,83.16117000000001,476082.94067250023,rebalance_unlocked
tiered_liquidity_then_bs_v2,2025-08-13,002008,大族激光,专用机械,BUY,34.21,3300,112893.0,84.66975000000001,363105.27092250023,rebalance_unlocked
tiered_liquidity_then_bs_v2,2025-08-13,002240,盛新锂能,小金属,BUY,18.12,6300,114156.0,85.617,248863.65392250023,rebalance_unlocked
tiered_liquidity_then_bs_v2,2025-08-13,002466,天齐锂业,小金属,BUY,44.92,2500,112300.0,84.22500000000001,136479.42892250023,rebalance_unlocked
tiered_liquidity_then_bs_v2,2025-08-13,688668,鼎通科技,通信设备,BUY,100.2249,1100,110247.39,82.6855425,26149.353380000233,rebalance_unlocked
tiered_liquidity_then_bs_v2,2025-08-14,300502,新易盛,通信设备,SELL,233.3,500,116650.0,87.4875,142711.86588000023,rebalance_unlocked
tiered_liquidity_then_bs_v2,2025-08-14,300394,天孚通信,通信设备,BUY,114.1877,1200,137025.24000000002,102.76893000000001,5583.8569500002195,rebalance_unlocked
tiered_liquidity_then_bs_v2,2025-08-27,002008,大族激光,专用机械,SELL,37.54,200,7508.0,5.631,13086.225950000218,rebalance_unlocked
tiered_liquidity_then_bs_v2,2025-08-27,002240,盛新锂能,小金属,SELL,17.78,6300,112014.0,84.01050000000001,125016.21545000022,rebalance_unlocked
tiered_liquidity_then_bs_v2,2025-08-27,002466,天齐锂业,小金属,SELL,44.46,2500,111150.0,83.3625,236082.8529500002,rebalance_unlocked
tiered_liquidity_then_bs_v2,2025-08-27,688668,鼎通科技,通信设备,SELL,105.0825,1100,115590.75,86.6930625,351586.9098875002,rebalance_unlocked
tiered_liquidity_then_bs_v2,2025-08-27,002558,巨人网络,互联网,BUY,31.6055,3700,116940.34999999999,87.70526249999999,234558.8546250002,rebalance_unlocked
tiered_liquidity_then_bs_v2,2025-08-27,300724,捷佳伟创,专用机械,BUY,86.6,1300,112579.99999999999,84.43499999999999,121894.41962500023,rebalance_unlocked
tiered_liquidity_then_bs_v2,2025-08-27,600246,万通发展,区域地产,BUY,13.66,8500,116110.0,87.0825,5697.337125000224,rebalance_unlocked
tiered_liquidity_then_bs_v2,2025-08-28,002008,大族激光,专用机械,SELL,36.12,3100,111971.99999999999,83.97899999999998,117585.3581250002,rebalance_unlocked
tiered_liquidity_then_bs_v2,2025-08-28,300394,天孚通信,通信设备,SELL,155.4425,1200,186531.0,139.89825,303976.4598750002,rebalance_unlocked
tiered_liquidity_then_bs_v2,2025-08-28,002364,中恒电气,电气设备,BUY,27.9,5400,150660.0,112.995,153203.46487500018,rebalance_unlocked
tiered_liquidity_then_bs_v2,2025-08-28,603236,移远通信,通信设备,BUY,112.99,1300,146887.0,110.16525,6206.299625000189,rebalance_unlocked
tiered_liquidity_then_bs_v2,2025-09-10,002558,巨人网络,互联网,SELL,39.3715,3700,145674.55,109.2559125,151771.59371250018,rebalance_unlocked
tiered_liquidity_then_bs_v2,2025-09-10,300724,捷佳伟创,专用机械,SELL,95.1,1300,123629.99999999999,92.7225,275308.87121250015,rebalance_unlocked
tiered_liquidity_then_bs_v2,2025-09-10,600246,万通发展,区域地产,SELL,12.73,8500,108205.0,81.15375,383432.71746250015,rebalance_unlocked
tiered_liquidity_then_bs_v2,2025-09-10,002074,国轩高科,电气设备,BUY,46.0,2700,124200.0,93.15,259139.56746250016,rebalance_unlocked
tiered_liquidity_then_bs_v2,2025-09-10,002555,三七互娱,互联网,BUY,22.5035,5600,126019.59999999999,94.51469999999999,133025.45276250015,rebalance_unlocked
tiered_liquidity_then_bs_v2,2025-09-10,603179,新泉股份,汽车配件,BUY,64.5,1900,122550.0,91.91250000000001,10383.540262500144,rebalance_unlocked
tiered_liquidity_then_bs_v2,2025-09-11,002364,中恒电气,电气设备,SELL,27.1,5400,146340.0,109.755,156613.78526250014,rebalance_unlocked
tiered_liquidity_then_bs_v2,2025-09-11,603236,移远通信,通信设备,SELL,94.35,1300,122654.99999999999,91.99125,279176.7940125001,rebalance_unlocked
tiered_liquidity_then_bs_v2,2025-09-11,002251,步步高,超市连锁,BUY,7.0,19900,139300.0,104.47500000000001,139772.31901250008,rebalance_unlocked
tiered_liquidity_then_bs_v2,2025-09-11,300770,新媒股份,影视音像,BUY,49.2613,2800,137931.63999999998,103.44873,1737.2302825000952,rebalance_unlocked
tiered_liquidity_then_bs_v2,2025-09-24,002074,国轩高科,电气设备,SELL,43.88,2700,118476.0,88.857,120124.37328250009,rebalance_unlocked
tiered_liquidity_then_bs_v2,2025-09-24,002555,三七互娱,互联网,SELL,21.7164,5600,121611.84,91.20888,241645.00440250008,rebalance_unlocked
tiered_liquidity_then_bs_v2,2025-09-24,603179,新泉股份,汽车配件,SELL,80.41,1900,152779.0,114.58425,394309.42015250004,rebalance_unlocked
tiered_liquidity_then_bs_v2,2025-09-24,002916,深南电路,元器件,BUY,209.5,600,125700.0,94.275,268515.1451525,rebalance_unlocked
tiered_liquidity_then_bs_v2,2025-09-24,300398,飞凯材料,化工原料,BUY,25.1237,5200,130643.23999999999,97.98243,137773.92272250002,rebalance_unlocked
tiered_liquidity_then_bs_v2,2025-09-24,300655,晶瑞电材,半导体,BUY,14.3604,9100,130679.64,98.00973,6996.272992500017,rebalance_unlocked
tiered_liquidity_then_bs_v2,2025-09-25,002251,步步高,超市连锁,SELL,5.48,19900,109052.00000000001,81.78900000000002,115966.48399250003,rebalance_unlocked
tiered_liquidity_then_bs_v2,2025-09-25,300770,新媒股份,影视音像,SELL,48.947,2800,137051.6,102.7887,252915.29529250003,rebalance_unlocked
tiered_liquidity_then_bs_v2,2025-09-25,002409,雅克科技,半导体,BUY,70.92,1700,120564.0,90.423,132260.87229250005,rebalance_unlocked
tiered_liquidity_then_bs_v2,2025-09-25,300274,阳光电源,电气设备,BUY,154.9834,800,123986.71999999999,92.99004,8181.162252500057,rebalance_unlocked
tiered_liquidity_then_bs_v2,2025-10-16,002916,深南电路,元器件,SELL,200.0,600,120000.0,90.0,128091.16225250006,rebalance_unlocked
tiered_liquidity_then_bs_v2,2025-10-16,300398,飞凯材料,化工原料,SELL,24.3925,5200,126840.99999999999,95.13074999999999,254837.03150250006,rebalance_unlocked
tiered_liquidity_then_bs_v2,2025-10-16,300655,晶瑞电材,半导体,SELL,15.5613,9100,141607.83,106.2058725,396338.65563000005,rebalance_unlocked
tiered_liquidity_then_bs_v2,2025-10-16,002518,科士达,电气设备,BUY,44.04,3000,132120.0,99.09,264119.5656300001,rebalance_unlocked
tiered_liquidity_then_bs_v2,2025-10-16,300373,扬杰科技,半导体,BUY,80.0,1600,128000.0,96.0,136023.56563000008,rebalance_unlocked
tiered_liquidity_then_bs_v2,2025-10-16,600546,山煤国际,煤炭开采,BUY,10.71,12300,131733.0,98.79975,4191.765880000079,rebalance_unlocked
tiered_liquidity_then_bs_v2,2025-10-17,002409,雅克科技,半导体,SELL,76.54,1700,130118.00000000001,97.58850000000001,134212.1773800001,rebalance_unlocked
tiered_liquidity_then_bs_v2,2025-10-17,300274,阳光电源,电气设备,SELL,161.2238,800,128979.04000000001,96.73428000000001,263094.48310000007,rebalance_unlocked
tiered_liquidity_then_bs_v2,2025-10-17,002497,雅化集团,小金属,BUY,15.91,8200,130462.0,97.8465,132534.63660000009,rebalance_unlocked
tiered_liquidity_then_bs_v2,2025-10-17,300001,特锐德,电气设备,BUY,29.59,4400,130196.0,97.647,2240.989600000088,rebalance_unlocked
tiered_liquidity_then_bs_v2,2025-10-30,002518,科士达,电气设备,SELL,44.55,3000,133650.0,100.2375,135790.7521000001,rebalance_unlocked
tiered_liquidity_then_bs_v2,2025-10-30,300373,扬杰科技,半导体,SELL,73.6,1600,117759.99999999999,88.32,253462.4321000001,rebalance_unlocked
tiered_liquidity_then_bs_v2,2025-10-30,600546,山煤国际,煤炭开采,SELL,10.9,12300,134070.0,100.55250000000001,387431.8796000001,rebalance_unlocked
tiered_liquidity_then_bs_v2,2025-10-30,002028,思源电气,电气设备,BUY,133.0,900,119700.0,89.775,267642.1046000001,rebalance_unlocked
tiered_liquidity_then_bs_v2,2025-10-30,300136,信维通信,元器件,BUY,33.07,3900,128973.0,96.72975,138572.37485000008,rebalance_unlocked
tiered_liquidity_then_bs_v2,2025-10-30,300274,阳光电源,电气设备,BUY,194.9,600,116940.0,87.705,21544.66985000008,rebalance_unlocked
tiered_liquidity_then_bs_v2,2025-10-31,002497,雅化集团,小金属,SELL,19.07,8200,156374.0,117.2805,177801.38935000007,rebalance_unlocked
tiered_liquidity_then_bs_v2,2025-10-31,300001,特锐德,电气设备,SELL,29.1,4400,128040.0,96.03,305745.35935000004,rebalance_unlocked
tiered_liquidity_then_bs_v2,2025-10-31,000592,平潭发展,林业,BUY,6.55,23300,152615.0,114.46125,153015.89810000005,rebalance_unlocked
tiered_liquidity_then_bs_v2,2025-10-31,301358,湖南裕能,电气设备,BUY,70.65,2100,148365.0,111.27375,4539.624350000056,rebalance_unlocked
tiered_liquidity_then_bs_v2,2025-11-13,002028,思源电气,电气设备,SELL,140.5,900,126450.0,94.8375,130894.78685000006,rebalance_unlocked
tiered_liquidity_then_bs_v2,2025-11-13,300136,信维通信,元器件,SELL,33.75,3900,131625.0,98.71875,262421.06810000003,rebalance_unlocked
tiered_liquidity_then_bs_v2,2025-11-13,300274,阳光电源,电气设备,SELL,190.23,600,114138.0,85.6035,376473.46460000006,rebalance_unlocked
tiered_liquidity_then_bs_v2,2025-11-13,002196,方正电机,纺织机械,BUY,16.0,7800,124800.0,93.60000000000001,251579.86460000006,rebalance_unlocked
tiered_liquidity_then_bs_v2,2025-11-13,600938,中国海油,石油开采,BUY,29.02,4300,124786.0,93.5895,126700.27510000006,rebalance_unlocked
tiered_liquidity_then_bs_v2,2025-11-13,601857,中国石油,石油开采,BUY,9.78,12800,125183.99999999999,93.88799999999999,1422.3871000000654,rebalance_unlocked
tiered_liquidity_then_bs_v2,2025-11-14,000592,平潭发展,林业,SELL,9.98,23300,232534.0,174.4005,233781.98660000006,rebalance_unlocked
tiered_liquidity_then_bs_v2,2025-11-14,301358,湖南裕能,电气设备,SELL,87.0,2100,182700.0,137.025,416344.96160000004,rebalance_unlocked
tiered_liquidity_then_bs_v2,2025-11-14,000807,云铝股份,铝,BUY,26.32,7900,207928.0,155.946,208261.01560000004,rebalance_unlocked
tiered_liquidity_then_bs_v2,2025-11-14,601600,中国铝业,铝,BUY,11.85,17500,207375.0,155.53125,730.4843500000425,rebalance_unlocked
tiered_liquidity_then_bs_v2,2025-11-27,002196,方正电机,纺织机械,SELL,13.66,7800,106548.0,79.911,107198.57335000005,rebalance_unlocked
tiered_liquidity_then_bs_v2,2025-11-27,600938,中国海油,石油开采,SELL,27.88,4300,119884.0,89.913,226992.66035000005,rebalance_unlocked
tiered_liquidity_then_bs_v2,2025-11-27,601857,中国石油,石油开采,SELL,9.72,12800,124416.00000000001,93.31200000000001,351315.34835000004,rebalance_unlocked
tiered_liquidity_then_bs_v2,2025-11-27,300102,乾照光电,半导体,BUY,15.6,7500,117000.0,87.75,234227.59835000004,rebalance_unlocked
tiered_liquidity_then_bs_v2,2025-11-27,300456,赛微电子,半导体,BUY,41.3558,2800,115796.24,86.84718000000001,118344.51117000004,rebalance_unlocked
tiered_liquidity_then_bs_v2,2025-11-27,300620,光库科技,通信设备,BUY,147.16,700,103012.0,77.259,15255.252170000036,rebalance_unlocked
tiered_liquidity_then_bs_v2,2025-11-28,000807,云铝股份,铝,SELL,24.45,7900,193155.0,144.86625,208265.38592000003,rebalance_unlocked
tiered_liquidity_then_bs_v2,2025-11-28,601600,中国铝业,铝,SELL,10.39,17500,181825.0,136.36875,389954.01717,rebalance_unlocked
tiered_liquidity_then_bs_v2,2025-11-28,688048,长光华芯,半导体,BUY,114.65,1700,194905.0,146.17875,194902.83842000001,rebalance_unlocked
tiered_liquidity_then_bs_v2,2025-11-28,688110,东芯股份,半导体,BUY,134.55,1400,188370.00000000003,141.27750000000003,6391.560919999989,rebalance_unlocked
tiered_liquidity_then_bs_v2,2025-12-11,300102,乾照光电,半导体,SELL,26.54,7500,199050.0,149.2875,205292.27341999998,rebalance_unlocked
tiered_liquidity_then_bs_v2,2025-12-11,300456,赛微电子,半导体,SELL,58.7873,2800,164604.44,123.45333000000001,369773.26009,rebalance_unlocked
tiered_liquidity_then_bs_v2,2025-12-11,300620,光库科技,通信设备,SELL,173.03,700,121121.0,90.84075,490803.41934,rebalance_unlocked
tiered_liquidity_then_bs_v2,2025-12-11,002281,光迅科技,通信设备,BUY,68.16,2400,163584.0,122.688,327096.73134000006,rebalance_unlocked
tiered_liquidity_then_bs_v2,2025-12-11,300395,菲利华,玻璃,BUY,91.8,1700,156060.0,117.045,170919.68634000004,rebalance_unlocked
tiered_liquidity_then_bs_v2,2025-12-11,301205,联特科技,通信设备,BUY,141.0,1100,155100.0,116.325,15703.361340000032,rebalance_unlocked
tiered_liquidity_then_bs_v2,2025-12-12,688048,长光华芯,半导体,SELL,148.0,1700,251600.0,188.70000000000002,267114.66134,rebalance_unlocked
tiered_liquidity_then_bs_v2,2025-12-12,688110,东芯股份,半导体,SELL,119.47,1400,167258.0,125.4435,434247.21784,rebalance_unlocked
tiered_liquidity_then_bs_v2,2025-12-12,002565,顺灏股份,造纸,BUY,15.0,14400,216000.0,162.0,218085.21784,rebalance_unlocked
tiered_liquidity_then_bs_v2,2025-12-12,002625,光启技术,航空,BUY,52.56,4100,215496.0,161.622,2427.5958399999945,rebalance_unlocked
tiered_liquidity_then_bs_v2,2025-12-25,002281,光迅科技,通信设备,SELL,70.41,2400,168984.0,126.738,171284.85783999998,rebalance_unlocked
tiered_liquidity_then_bs_v2,2025-12-25,300395,菲利华,玻璃,SELL,108.03,1700,183651.0,137.73825,354798.11959,rebalance_unlocked
tiered_liquidity_then_bs_v2,2025-12-25,301205,联特科技,通信设备,SELL,177.0,1100,194700.0,146.025,549352.09459,rebalance_unlocked
tiered_liquidity_then_bs_v2,2025-12-25,000547,航天发展,通信设备,BUY,24.5,7400,181300.0,135.975,367916.11959,rebalance_unlocked
tiered_liquidity_then_bs_v2,2025-12-25,300223,北京君正,半导体,BUY,112.0,1600,179200.0,134.4,188581.71959000002,rebalance_unlocked
tiered_liquidity_then_bs_v2,2025-12-25,601126,四方股份,电气设备,BUY,31.4,5800,182120.0,136.59,6325.129590000026,rebalance_unlocked
tiered_liquidity_then_bs_v2,2025-12-26,002565,顺灏股份,造纸,SELL,15.61,14400,224784.0,168.588,230940.54159000004,rebalance_unlocked
tiered_liquidity_then_bs_v2,2025-12-26,002625,光启技术,航空,SELL,51.71,4100,212011.0,159.00825,442792.53334,rebalance_unlocked
tiered_liquidity_then_bs_v2,2025-12-26,002171,楚江新材,铜,BUY,13.08,16900,221052.0,165.78900000000002,221574.74434000003,rebalance_unlocked
tiered_liquidity_then_bs_v2,2025-12-26,601601,中国太保,保险,BUY,42.51,5200,221052.0,165.78900000000002,356.9553400000441,rebalance_unlocked
tiered_liquidity_then_bs_v2,2026-01-12,000547,航天发展,通信设备,SELL,37.76,7400,279424.0,209.568,279571.38734,rebalance_unlocked
tiered_liquidity_then_bs_v2,2026-01-12,300223,北京君正,半导体,SELL,120.2,1600,192320.0,144.24,471747.14734,rebalance_unlocked
tiered_liquidity_then_bs_v2,2026-01-12,601126,四方股份,电气设备,SELL,32.97,5800,191226.0,143.4195,662829.7278400001,rebalance_unlocked
tiered_liquidity_then_bs_v2,2026-01-12,002255,海陆重工,专用机械,BUY,14.98,14700,220206.0,165.1545,442458.57334000006,rebalance_unlocked
tiered_liquidity_then_bs_v2,2026-01-12,002413,雷科防务,通信设备,BUY,18.4,12000,220799.99999999997,165.6,221492.97334000008,rebalance_unlocked
tiered_liquidity_then_bs_v2,2026-01-12,300342,天银机电,家用电器,BUY,40.98,5300,217193.99999999997,162.89549999999997,4136.0778400001,rebalance_unlocked
tiered_liquidity_then_bs_v2,2026-01-13,002171,楚江新材,铜,SELL,15.9,16900,268710.0,201.5325,272644.5453400001,rebalance_unlocked
tiered_liquidity_then_bs_v2,2026-01-13,601601,中国太保,保险,SELL,45.6,5200,237120.0,177.84,509586.7053400001,rebalance_unlocked
tiered_liquidity_then_bs_v2,2026-01-13,002173,创新医疗,医疗保健,BUY,36.99,6800,251532.0,188.649,257866.0563400001,rebalance_unlocked
tiered_liquidity_then_bs_v2,2026-01-13,002555,三七互娱,互联网,BUY,30.27,8400,254268.0,190.701,3407.3553400000965,rebalance_unlocked
tiered_liquidity_then_bs_v2,2026-01-26,002255,海陆重工,专用机械,SELL,13.34,14700,196098.0,147.0735,199358.2818400001,rebalance_unlocked
tiered_liquidity_then_bs_v2,2026-01-26,002413,雷科防务,通信设备,SELL,15.01,12000,180120.0,135.09,379343.1918400001,rebalance_unlocked
tiered_liquidity_then_bs_v2,2026-01-26,300342,天银机电,家用电器,SELL,60.0,5300,318000.0,238.5,697104.6918400001,rebalance_unlocked
tiered_liquidity_then_bs_v2,2026-01-26,000060,中金岭南,铅锌,BUY,8.08,28700,231896.0,173.922,465034.7698400001,rebalance_unlocked
tiered_liquidity_then_bs_v2,2026-01-26,600391,航发科技,航空,BUY,52.04,4400,228976.0,171.732,235887.0378400001,rebalance_unlocked
tiered_liquidity_then_bs_v2,2026-01-26,600759,洲际油气,石油开采,BUY,4.52,51400,232327.99999999997,174.24599999999998,3384.791840000107,rebalance_unlocked
tiered_liquidity_then_bs_v2,2026-01-27,002173,创新医疗,医疗保健,SELL,27.96,6800,190128.0,142.596,193370.19584000012,rebalance_unlocked
tiered_liquidity_then_bs_v2,2026-01-27,002555,三七互娱,互联网,SELL,26.91,8400,226044.0,169.53300000000002,419244.6628400001,rebalance_unlocked
tiered_liquidity_then_bs_v2,2026-01-27,000878,云南铜业,铜,BUY,24.35,8600,209410.0,157.0575,209677.60534000013,rebalance_unlocked
tiered_liquidity_then_bs_v2,2026-01-27,600096,云天化,农药化肥,BUY,38.55,5400,208169.99999999997,156.12749999999997,1351.4778400001524,rebalance_unlocked
tiered_liquidity_then_bs_v2,2026-02-09,000060,中金岭南,铅锌,SELL,7.0,28700,200900.0,150.675,202100.80284000016,rebalance_unlocked
tiered_liquidity_then_bs_v2,2026-02-09,600391,航发科技,航空,SELL,53.66,4400,236103.99999999997,177.07799999999997,438027.72484000016,rebalance_unlocked
tiered_liquidity_then_bs_v2,2026-02-09,600759,洲际油气,石油开采,SELL,5.6,51400,287840.0,215.88,725651.8448400002,rebalance_unlocked
tiered_liquidity_then_bs_v2,2026-02-09,002342,巨力索具,机械基件,BUY,19.28,12500,241000.0,180.75,484471.09484000015,rebalance_unlocked
tiered_liquidity_then_bs_v2,2026-02-09,002969,嘉美包装,广告包装,BUY,27.0,8900,240300.0,180.225,243990.86984000014,rebalance_unlocked
tiered_liquidity_then_bs_v2,2026-02-09,601231,环旭电子,元器件,BUY,37.36,6400,239104.0,179.328,4707.541840000136,rebalance_unlocked
tiered_liquidity_then_bs_v2,2026-02-10,000878,云南铜业,铜,SELL,22.9,8600,196940.0,147.705,201499.83684000015,rebalance_unlocked
tiered_liquidity_then_bs_v2,2026-02-10,600096,云天化,农药化肥,SELL,35.57,5400,192078.0,144.0585,393433.77834000014,rebalance_unlocked
tiered_liquidity_then_bs_v2,2026-02-10,600352,浙江龙盛,染料涂料,BUY,16.3,12000,195600.0,146.70000000000002,197687.07834000012,rebalance_unlocked
tiered_liquidity_then_bs_v2,2026-02-10,600487,亨通光电,通信设备,BUY,39.0,5000,195000.0,146.25,2540.8283400001237,rebalance_unlocked
tiered_liquidity_then_bs_v2,2026-03-03,002342,巨力索具,机械基件,SELL,15.33,12500,191625.0,143.71875,194022.10959000012,rebalance_unlocked
tiered_liquidity_then_bs_v2,2026-03-03,002969,嘉美包装,广告包装,SELL,22.51,8900,200339.0,150.25425,394210.8553400001,rebalance_unlocked
tiered_liquidity_then_bs_v2,2026-03-03,601231,环旭电子,元器件,SELL,48.13,6400,308032.0,231.024,702011.8313400001,rebalance_unlocked
tiered_liquidity_then_bs_v2,2026-03-03,002128,电投能源,铝,BUY,33.4722,6900,230958.18,173.218635,470880.43270500016,rebalance_unlocked
tiered_liquidity_then_bs_v2,2026-03-03,601225,陕西煤业,煤炭开采,BUY,24.81,9400,233214.0,174.9105,237491.52220500016,rebalance_unlocked
tiered_liquidity_then_bs_v2,2026-03-03,601958,金钼股份,小金属,BUY,26.0,9000,234000.0,175.5,3316.022205000161,rebalance_unlocked
tiered_liquidity_then_bs_v2,2026-03-04,600352,浙江龙盛,染料涂料,SELL,15.52,12000,186240.0,139.68,189416.34220500017,rebalance_unlocked
tiered_liquidity_then_bs_v2,2026-03-04,600487,亨通光电,通信设备,SELL,46.9,5000,234500.0,175.875,423740.46720500017,rebalance_unlocked
tiered_liquidity_then_bs_v2,2026-03-04,002001,新和成,化学制药,BUY,33.11,6400,211904.0,158.928,211677.53920500015,rebalance_unlocked
tiered_liquidity_then_bs_v2,2026-03-04,300393,中来股份,塑料,BUY,11.22,18800,210936.0,158.202,583.3372050001635,rebalance_unlocked
tiered_liquidity_then_bs_v2,2026-03-17,002128,电投能源,铝,SELL,32.89,6900,226941.0,170.20575,227354.13145500017,rebalance_unlocked
tiered_liquidity_then_bs_v2,2026-03-17,601225,陕西煤业,煤炭开采,SELL,25.69,9400,241486.0,181.1145,468659.0169550002,rebalance_unlocked
tiered_liquidity_then_bs_v2,2026-03-17,601958,金钼股份,小金属,SELL,21.8,9000,196200.0,147.15,664711.8669550002,rebalance_unlocked
tiered_liquidity_then_bs_v2,2026-03-17,002594,比亚迪,汽车整车,BUY,104.63,2100,219723.0,164.79225,444824.0747050002,rebalance_unlocked
tiered_liquidity_then_bs_v2,2026-03-17,301308,江波龙,半导体,BUY,343.0,600,205800.0,154.35,238869.7247050002,rebalance_unlocked
tiered_liquidity_then_bs_v2,2026-03-17,600722,金牛化工,化工原料,BUY,17.35,12700,220345.00000000003,165.25875000000002,18359.465955000167,rebalance_unlocked
tiered_liquidity_then_bs_v2,2026-03-18,002001,新和成,化学制药,SELL,35.49,6400,227136.0,170.352,245325.11395500015,rebalance_unlocked
tiered_liquidity_then_bs_v2,2026-03-18,300393,中来股份,塑料,SELL,10.91,18800,205108.0,153.83100000000002,450279.2829550002,rebalance_unlocked
tiered_liquidity_then_bs_v2,2026-03-18,002294,信立泰,化学制药,BUY,58.02,3800,220476.0,165.357,229637.9259550002,rebalance_unlocked
tiered_liquidity_then_bs_v2,2026-03-18,600367,红星发展,化工原料,BUY,27.4,8200,224680.0,168.51,4789.415955000179,rebalance_unlocked
tiered_liquidity_then_bs_v2,2026-03-31,002594,比亚迪,汽车整车,SELL,107.0,2100,224700.0,168.525,229320.89095500018,rebalance_unlocked
tiered_liquidity_then_bs_v2,2026-03-31,301308,江波龙,半导体,SELL,302.0,600,181200.0,135.9,410384.99095500016,rebalance_unlocked
tiered_liquidity_then_bs_v2,2026-03-31,600722,金牛化工,化工原料,SELL,16.01,12700,203327.00000000003,152.49525000000003,613559.4957050001,rebalance_unlocked
tiered_liquidity_then_bs_v2,2026-03-31,000155,川能动力,新型电力,BUY,16.9,12100,204489.99999999997,153.36749999999998,408916.1282050002,rebalance_unlocked
tiered_liquidity_then_bs_v2,2026-03-31,002192,融捷股份,小金属,BUY,82.24,2400,197376.0,148.032,211392.09620500018,rebalance_unlocked
tiered_liquidity_then_bs_v2,2026-03-31,600666,奥瑞德,元器件,BUY,6.02,33900,204078.0,153.0585,7161.03770500017,rebalance_unlocked
tiered_liquidity_then_bs_v2,2026-04-01,002294,信立泰,化学制药,SELL,61.84,3800,234992.0,176.244,241976.79370500016,rebalance_unlocked
tiered_liquidity_then_bs_v2,2026-04-01,600367,红星发展,化工原料,SELL,20.88,8200,171216.0,128.412,413064.3817050002,rebalance_unlocked
tiered_liquidity_then_bs_v2,2026-04-01,301128,强瑞技术,专用机械,BUY,150.99,1300,196287.0,147.21525,216630.16645500017,rebalance_unlocked
tiered_liquidity_then_bs_v2,2026-04-01,603601,再升科技,玻璃,BUY,15.49,13300,206017.0,154.51275,10458.653705000179,rebalance_unlocked
tiered_liquidity_then_bs_v2,2026-04-15,000155,川能动力,新型电力,SELL,16.91,12100,204611.0,153.45825,214916.19545500018,rebalance_unlocked
tiered_liquidity_then_bs_v2,2026-04-15,002192,融捷股份,小金属,SELL,79.8,2400,191520.0,143.64000000000001,406292.55545500014,rebalance_unlocked
tiered_liquidity_then_bs_v2,2026-04-15,600666,奥瑞德,元器件,SELL,6.31,33900,213909.0,160.43175,620041.1237050002,rebalance_unlocked
tiered_liquidity_then_bs_v2,2026-04-15,002938,鹏鼎控股,元器件,BUY,60.55,3400,205870.0,154.4025,414016.7212050002,rebalance_unlocked
tiered_liquidity_then_bs_v2,2026-04-15,300408,三环集团,元器件,BUY,66.9,3000,200700.00000000003,150.52500000000003,213166.19620500016,rebalance_unlocked
tiered_liquidity_then_bs_v2,2026-04-15,600338,西藏珠峰,铅锌,BUY,19.73,10400,205192.0,153.894,7820.30220500016,rebalance_unlocked
tiered_liquidity_then_bs_v2,2026-04-16,301128,强瑞技术,专用机械,SELL,183.6,1300,238680.0,179.01,246321.29220500015,rebalance_unlocked
tiered_liquidity_then_bs_v2,2026-04-16,603601,再升科技,玻璃,SELL,14.31,13300,190323.0,142.74225,436501.54995500017,rebalance_unlocked
tiered_liquidity_then_bs_v2,2026-04-16,603083,剑桥科技,通信设备,BUY,125.18,1700,212806.0,159.6045,223535.94545500018,rebalance_unlocked
tiered_liquidity_then_bs_v2,2026-04-16,688256,寒武纪-U,半导体,BUY,1280.0,100,128000.0,96.0,95439.94545500018,rebalance_unlocked
tiered_liquidity_then_bs_v2,2026-04-29,002938,鹏鼎控股,元器件,SELL,73.47,3400,249798.0,187.3485,345050.5969550002,rebalance_unlocked
tiered_liquidity_then_bs_v2,2026-04-29,300408,三环集团,元器件,SELL,81.28,3000,243840.0,182.88,588707.7169550002,rebalance_unlocked
tiered_liquidity_then_bs_v2,2026-04-29,600338,西藏珠峰,铅锌,SELL,25.24,10400,262496.0,196.872,851006.8449550002,rebalance_unlocked
tiered_liquidity_then_bs_v2,2026-04-29,000636,风华高科,元器件,BUY,23.84,11900,283696.0,212.772,567098.0729550002,rebalance_unlocked
tiered_liquidity_then_bs_v2,2026-04-29,301358,湖南裕能,电气设备,BUY,92.66,3000,277980.0,208.485,288909.5879550002,rebalance_unlocked
tiered_liquidity_then_bs_v2,2026-04-29,688536,思瑞浦,半导体,BUY,228.04,1200,273648.0,205.23600000000002,15056.351955000253,rebalance_unlocked
tiered_liquidity_then_bs_v2,2026-04-30,603083,剑桥科技,通信设备,SELL,179.0,1700,304300.0,228.225,319128.1269550003,rebalance_unlocked
tiered_liquidity_then_bs_v2,2026-04-30,688256,寒武纪-U,半导体,SELL,1475.0,100,147500.0,110.625,466517.5019550003,rebalance_unlocked
tiered_liquidity_then_bs_v2,2026-04-30,002080,中材科技,玻璃,BUY,57.01,4000,228040.0,171.03,238306.47195500028,rebalance_unlocked
tiered_liquidity_then_bs_v2,2026-04-30,300236,上海新阳,半导体,BUY,95.9,2400,230160.0,172.62,7973.851955000282,rebalance_unlocked
tiered_liquidity_then_bs_v2,2026-05-18,000636,风华高科,元器件,SELL,26.77,11900,318563.0,238.92225,326297.92970500025,rebalance_unlocked
tiered_liquidity_then_bs_v2,2026-05-18,301358,湖南裕能,电气设备,SELL,93.28,3000,279840.0,209.88,605928.0497050002,rebalance_unlocked
tiered_liquidity_then_bs_v2,2026-05-18,688536,思瑞浦,半导体,SELL,294.0,1200,352800.0,264.6,958463.4497050003,rebalance_unlocked
tiered_liquidity_then_bs_v2,2026-05-18,002940,昂利康,化学制药,BUY,41.91,7600,318516.0,238.887,639708.5627050003,rebalance_unlocked
tiered_liquidity_then_bs_v2,2026-05-18,002980,华盛昌,电器仪表,BUY,94.03,3400,319702.0,239.7765,319766.7862050003,rebalance_unlocked
tiered_liquidity_then_bs_v2,2026-05-18,688025,杰普特,专用机械,BUY,382.0,800,305600.0,229.20000000000002,13937.58620500029,rebalance_unlocked
tiered_liquidity_then_bs_v2,2026-05-19,002080,中材科技,玻璃,SELL,65.34,4000,261360.0,196.02,275101.5662050003,rebalance_unlocked
tiered_liquidity_then_bs_v2,2026-05-19,300236,上海新阳,半导体,SELL,99.89,2400,239736.0,179.802,514657.76420500025,rebalance_unlocked
tiered_liquidity_then_bs_v2,2026-05-19,002484,江海股份,元器件,BUY,52.39,4900,256711.0,192.53325,257754.23095500024,rebalance_unlocked
tiered_liquidity_then_bs_v2,2026-05-19,688800,瑞可达,元器件,BUY,143.0,1800,257400.0,193.05,161.18095500025083,rebalance_unlocked
